4.02777777778
4.05555555556
4.08055555556
4.10833333333
4.13611111111
3.96666666667
3.99444444444
4.01944444444
4.04444444444
4.07222222222
3.90555555556
3.93333333333
3.95833333333
3.98333333333
4.00833333333
3.84722222222
3.87222222222
3.89722222222
3.92222222222
3.94722222222
3.78888888889
3.81388888889
3.83888888889
3.86388888889
3.88888888889
3.73055555556
3.75555555556
3.78055555556
3.80555555556
3.82777777778
3.675
 3.7
3.72222222222
3.74722222222
3.77222222222
3.61944444444
3.64166666667
3.66666666667
3.68888888889
3.71388888889
3.56388888889
3.58888888889
3.61111111111
3.63333333333
3.65833333333
3.51111111111
3.53333333333
3.55555555556
3.58055555556
3.60277777778
3.45833333333
3.48055555556
3.50277777778
3.525
3.54722222222
3.40555555556
3.42777777778
3.45
3.47222222222
3.49444444444
3.35555555556
3.37777777778
 3.4
3.41944444444
3.44166666667
3.30555555556
3.32777777778
3.34722222222
3.36944444444
3.39166666667
3.25555555556
3.27777777778
3.29722222222
3.31944444444
3.34166666667
3.20833333333
3.22777777778
3.25
3.26944444444
3.29166666667
3.16111111111
3.18055555556
 3.2
3.22222222222
3.24166666667
3.11388888889
3.13333333333
3.15277777778
3.17222222222
3.19444444444
3.06666666667
3.08611111111
3.10555555556
3.12777777778
3.14722222222
3.02222222222
3.04166666667
3.06111111111
3.08055555556
 3.1
2.97777777778
2.99722222222
3.01666666667
3.03611111111
3.05555555556
2.93333333333
2.95277777778
2.97222222222
2.99166666667
3.00833333333
2.89166666667
2.90833333333
2.92777777778
2.94722222222
2.96388888889
2.84722222222
2.86666666667
2.88611111111
2.90277777778
2.92222222222
2.80555555556
2.825
2.84166666667
2.86111111111
2.87777777778
2.76666666667
2.78333333333
 2.8
2.81944444444
2.83611111111
2.725
2.74166666667
2.76111111111
2.77777777778
2.79444444444
2.68611111111
2.70277777778
2.71944444444
2.73611111111
2.75555555556
2.64722222222
2.66388888889
2.68055555556
2.69722222222
2.71388888889
2.60833333333
2.625
2.64166666667
2.65833333333
2.675
2.57222222222
2.58611111111
2.60277777778
2.61944444444
2.63611111111
2.53333333333
2.55
2.56666666667
2.58333333333
 2.6
2.49722222222
2.51388888889
2.52777777778
2.54444444444
2.56111111111
2.46111111111
2.47777777778
2.49166666667
2.50833333333
2.525
2.42777777778
2.44166666667
2.45833333333
2.47222222222
2.48888888889
2.39166666667
2.40555555556
2.42222222222
2.43611111111
2.45277777778
2.35833333333
2.37222222222
2.38611111111
2.40277777778
2.41666666667
2.325
2.33888888889
2.35277777778
2.36666666667
2.38333333333
2.29166666667
2.30555555556
2.31944444444
2.33333333333
2.35
2.25833333333
2.27222222222
2.28611111111
 2.3
2.31666666667
2.225
2.24166666667
2.25555555556
2.26944444444
2.28333333333
2.19444444444
2.20833333333
2.22222222222
2.23611111111
2.25
2.16388888889
2.17777777778
2.19166666667
2.20555555556
2.21944444444
2.13333333333
2.14722222222
2.16111111111
2.175
2.18611111111
2.10277777778
2.11666666667
2.13055555556
2.14166666667
2.15555555556
2.075
2.08611111111
 2.1
2.11388888889
2.125
2.04444444444
2.05833333333
2.06944444444
2.08333333333
2.09722222222
2.01666666667
2.02777777778
2.04166666667
2.05277777778
2.06666666667
1.98888888889
 2.0
2.01388888889
2.025
2.03888888889
1.96111111111
1.97222222222
1.98611111111
1.99722222222
2.00833333333
1.93333333333
1.94444444444
1.95833333333
1.96944444444
1.98055555556
1.90555555556
1.91944444444
1.93055555556
1.94166666667
1.95277777778
1.88055555556
1.89166666667
1.90277777778
1.91388888889
1.92777777778
1.85277777778
1.86666666667
1.87777777778
1.88888888889
 1.9
1.82777777778
1.83888888889
1.85
1.86388888889
1.875
1.80277777778
1.81388888889
1.825
1.83611111111
1.84722222222
1.77777777778
1.78888888889
 1.8
1.81111111111
1.82222222222
1.75277777778
1.76388888889
1.775
1.78611111111
1.79722222222
1.73055555556
1.74166666667
1.75277777778
1.76111111111
1.77222222222
1.70555555556
1.71666666667
1.72777777778
1.73888888889
1.75
1.68333333333
1.69444444444
1.70277777778
1.71388888889
1.725
1.66111111111
1.66944444444
1.68055555556
1.69166666667
 1.7
1.63888888889
1.64722222222
1.65833333333
1.66666666667
1.67777777778
1.61666666667
1.625
1.63611111111
1.64444444444
1.65555555556
1.59444444444
1.60277777778
1.61388888889
1.62222222222
1.63333333333
1.57222222222
1.58055555556
1.59166666667
 1.6
1.61111111111
1.55
1.56111111111
1.56944444444
1.58055555556
1.58888888889
1.53055555556
1.53888888889
1.55
1.55833333333
1.56666666667
1.50833333333
1.51944444444
1.52777777778
1.53611111111
1.54722222222
1.48888888889
1.49722222222
1.50833333333
1.51666666667
1.525
1.46944444444
1.47777777778
1.48611111111
1.49722222222
1.50555555556
1.45
1.45833333333
1.46666666667
1.475
1.48611111111
1.43055555556
1.43888888889
1.44722222222
1.45555555556
1.46666666667
1.41111111111
1.41944444444
1.42777777778
1.43611111111
1.44444444444
1.39166666667
 1.4
1.40833333333
1.41666666667
1.42777777778
1.375
1.38333333333
1.39166666667
 1.4
1.40833333333
1.35555555556
1.36388888889
1.37222222222
1.38055555556
1.38888888889
1.33888888889
1.34722222222
1.35555555556
1.36111111111
1.36944444444
1.31944444444
1.32777777778
1.33611111111
1.34444444444
1.35277777778
1.30277777778
1.31111111111
1.31944444444
1.32777777778
1.33333333333
1.28611111111
1.29444444444
 1.3
1.30833333333
1.31666666667
1.26944444444
1.27777777778
1.28333333333
1.29166666667
 1.3
1.25277777778
1.26111111111
1.26666666667
1.275
1.28333333333
1.23611111111
1.24444444444
1.25
1.25833333333
1.26666666667
1.21944444444
1.22777777778
1.23333333333
1.24166666667
1.25
1.20277777778
1.21111111111
1.21944444444
1.225
1.23333333333
1.18888888889
1.19444444444
1.20277777778
1.21111111111
1.21666666667
1.17222222222
1.18055555556
1.18611111111
1.19444444444
 1.2
1.15833333333
1.16388888889
1.17222222222
1.17777777778
1.18611111111
1.14166666667
1.15
1.15555555556
1.16388888889
1.16944444444
1.12777777778
1.13611111111
1.14166666667
1.14722222222
1.15555555556
1.11388888889
1.11944444444
1.12777777778
1.13333333333
1.14166666667
 1.1
1.10555555556
1.11111111111
1.11944444444
1.125
1.08611111111
1.09166666667
1.09722222222
1.10555555556
1.11111111111
1.07222222222
1.07777777778
1.08333333333
1.09166666667
1.09722222222
1.05833333333
1.06388888889
1.06944444444
1.07777777778
1.08333333333
1.04444444444
1.05
1.05555555556
1.06388888889
1.06944444444
1.03055555556
1.03611111111
1.04166666667
1.05
1.05555555556
1.01666666667
1.025
1.03055555556
1.03611111111
1.04166666667
1.00555555556
1.01111111111
1.01666666667
1.02222222222
1.02777777778
0.991666666667
0.997222222222
1.00277777778
1.01111111111
1.01666666667
0.980555555556
0.986111111111
0.991666666667
0.997222222222
1.00277777778
0.966666666667
0.972222222222
0.977777777778
0.983333333333
0.988888888889
0.955555555556
0.961111111111
0.966666666667
0.972222222222
0.977777777778
0.941666666667
0.947222222222
0.952777777778
0.958333333333
0.966666666667
0.930555555556
0.936111111111
0.941666666667
0.947222222222
0.952777777778
0.919444444444
0.925
0.930555555556
0.936111111111
0.941666666667
0.908333333333
0.913888888889
0.919444444444
0.925
0.930555555556
0.897222222222
0.902777777778
0.908333333333
0.913888888889
0.916666666667
0.886111111111
0.891666666667
0.897222222222
 0.9
0.905555555556
0.875
0.880555555556
0.883333333333
0.888888888889
0.894444444444
0.863888888889
0.869444444444
0.875
0.877777777778
0.883333333333
0.852777777778
0.858333333333
0.863888888889
0.866666666667
0.872222222222
0.841666666667
0.847222222222
0.852777777778
0.858333333333
0.861111111111
0.830555555556
0.836111111111
0.841666666667
0.847222222222
0.852777777778
0.822222222222
0.827777777778
0.830555555556
0.836111111111
0.841666666667
0.811111111111
0.816666666667
0.822222222222
0.825
0.830555555556
0.802777777778
0.805555555556
0.811111111111
0.816666666667
0.819444444444
0.791666666667
0.797222222222
 0.8
0.805555555556
0.811111111111
0.783333333333
0.786111111111
0.791666666667
0.794444444444
 0.8
0.772222222222
0.777777777778
0.780555555556
0.786111111111
0.791666666667
0.763888888889
0.766666666667
0.772222222222
0.777777777778
0.780555555556
0.752777777778
0.758333333333
0.763888888889
0.766666666667
0.772222222222
0.744444444444
0.75
0.752777777778
0.758333333333
0.761111111111
0.736111111111
0.738888888889
0.744444444444
0.747222222222
0.752777777778
0.727777777778
0.730555555556
0.736111111111
0.738888888889
0.744444444444
0.716666666667
0.722222222222
0.725
0.730555555556
0.733333333333
0.708333333333
0.713888888889
0.716666666667
0.722222222222
0.725
 0.7
0.705555555556
0.708333333333
0.713888888889
0.716666666667
0.691666666667
0.697222222222
 0.7
0.705555555556
0.708333333333
0.683333333333
0.688888888889
0.691666666667
0.697222222222
 0.7
0.675
0.680555555556
0.683333333333
0.688888888889
0.691666666667
0.666666666667
0.672222222222
0.675
0.680555555556
0.683333333333
0.661111111111
0.663888888889
0.666666666667
0.672222222222
0.675
0.652777777778
0.655555555556
0.658333333333
0.663888888889
0.666666666667
0.644444444444
0.647222222222
0.652777777778
0.655555555556
0.658333333333
0.636111111111
0.638888888889
0.644444444444
0.647222222222
0.65
0.627777777778
0.633333333333
0.636111111111
0.638888888889
0.644444444444
0.622222222222
0.625
0.627777777778
0.633333333333
0.636111111111
0.613888888889
0.616666666667
0.622222222222
0.625
0.627777777778
0.608333333333
0.611111111111
0.613888888889
0.616666666667
0.622222222222
 0.6
0.602777777778
0.605555555556
0.611111111111
0.613888888889
0.591666666667
0.597222222222
 0.6
0.602777777778
0.605555555556
0.586111111111
0.588888888889
0.591666666667
0.597222222222
 0.6
0.577777777778
0.583333333333
0.586111111111
0.588888888889
0.591666666667
0.572222222222
0.575
0.577777777778
0.583333333333
0.586111111111
0.566666666667
0.569444444444
0.572222222222
0.575
0.577777777778
0.558333333333
0.561111111111
0.566666666667
0.569444444444
0.572222222222
0.552777777778
0.555555555556
0.558333333333
0.561111111111
0.563888888889
0.547222222222
0.55
0.552777777778
0.555555555556
0.558333333333
0.538888888889
0.541666666667
0.547222222222
0.55
0.552777777778
0.533333333333
0.536111111111
0.538888888889
0.541666666667
0.544444444444
0.527777777778
0.530555555556
0.533333333333
0.536111111111
0.538888888889
0.522222222222
0.525
0.527777777778
0.530555555556
0.533333333333
0.516666666667
0.519444444444
0.522222222222
0.525
0.527777777778
0.508333333333
0.511111111111
0.513888888889
0.519444444444
0.522222222222
0.502777777778
0.505555555556
0.508333333333
0.511111111111
0.513888888889
0.497222222222
 0.5
0.502777777778
0.505555555556
0.508333333333
0.491666666667
0.494444444444
0.497222222222
 0.5
0.502777777778
0.486111111111
0.488888888889
0.491666666667
0.494444444444
0.497222222222
0.480555555556
0.483333333333
0.486111111111
0.488888888889
0.491666666667
0.475
0.477777777778
0.480555555556
0.483333333333
0.486111111111
0.469444444444
0.472222222222
0.475
0.477777777778
0.480555555556
0.463888888889
0.466666666667
0.469444444444
0.472222222222
0.475
0.458333333333
0.461111111111
0.463888888889
0.466666666667
0.469444444444
0.455555555556
0.455555555556
0.458333333333
0.461111111111
0.463888888889
0.45
0.452777777778
0.455555555556
0.455555555556
0.458333333333
0.444444444444
0.447222222222
0.45
0.452777777778
0.455555555556
0.438888888889
0.441666666667
0.444444444444
0.447222222222
0.45
0.433333333333
0.436111111111
0.438888888889
0.441666666667
0.444444444444
0.430555555556
0.430555555556
0.433333333333
0.436111111111
0.438888888889
0.425
0.427777777778
0.430555555556
0.430555555556
0.433333333333
0.419444444444
0.422222222222
0.425
0.427777777778
0.430555555556
0.416666666667
0.416666666667
0.419444444444
0.422222222222
0.425
0.411111111111
0.413888888889
0.413888888889
0.416666666667
0.419444444444
0.405555555556
0.408333333333
0.411111111111
0.413888888889
0.413888888889
0.402777777778
0.402777777778
0.405555555556
0.408333333333
0.411111111111
0.397222222222
 0.4
0.402777777778
0.402777777778
0.405555555556
0.391666666667
0.394444444444
0.397222222222
 0.4
0.402777777778
0.388888888889
0.391666666667
0.391666666667
0.394444444444
0.397222222222
0.383333333333
0.386111111111
0.388888888889
0.391666666667
0.391666666667
0.380555555556
0.383333333333
0.383333333333
0.386111111111
0.388888888889
0.375
0.377777777778
0.380555555556
0.383333333333
0.383333333333
0.372222222222
0.375
0.375
0.377777777778
0.380555555556
0.366666666667
0.369444444444
0.372222222222
0.375
0.375
0.363888888889
0.366666666667
0.366666666667
0.369444444444
0.372222222222
0.361111111111
0.361111111111
0.363888888889
0.366666666667
0.366666666667
0.355555555556
0.358333333333
0.361111111111
0.361111111111
0.363888888889
0.352777777778
0.352777777778
0.355555555556
0.358333333333
0.361111111111
0.347222222222
0.35
0.352777777778
0.352777777778
0.355555555556
0.344444444444
0.347222222222
0.347222222222
0.35
0.352777777778
0.341666666667
0.341666666667
0.344444444444
0.347222222222
0.347222222222
0.336111111111
0.338888888889
0.341666666667
0.341666666667
0.344444444444
0.333333333333
0.336111111111
0.336111111111
0.338888888889
0.341666666667
0.330555555556
0.330555555556
0.333333333333
0.336111111111
0.336111111111
0.325
0.327777777778
0.330555555556
0.330555555556
0.333333333333
0.322222222222
0.325
0.325
0.327777777778
0.330555555556
0.319444444444
0.322222222222
0.322222222222
0.325
0.325
0.316666666667
0.316666666667
0.319444444444
0.322222222222
0.322222222222
0.313888888889
0.313888888889
0.316666666667
0.316666666667
0.319444444444
