7.05
7.125
 7.2
7.27777777778
7.35555555556
6.93888888889
7.01111111111
7.08611111111
7.16111111111
7.23888888889
6.82777777778
 6.9
6.975
7.04722222222
7.12222222222
6.71944444444
6.79166666667
6.86388888889
6.93611111111
7.01111111111
6.61388888889
6.68611111111
6.75555555556
6.82777777778
 6.9
6.51111111111
6.58055555556
6.65
6.71944444444
6.79166666667
6.40833333333
6.475
6.54444444444
6.61388888889
6.68333333333
6.30833333333
6.375
6.44166666667
6.51111111111
6.58055555556
6.20833333333
6.275
6.34166666667
6.40833333333
6.47777777778
6.11388888889
6.17777777778
6.24166666667
6.30833333333
6.375
6.01666666667
6.08055555556
6.14444444444
6.21111111111
6.275
5.925
5.98611111111
6.05
6.11388888889
6.17777777778
5.83333333333
5.89444444444
5.95555555556
6.01944444444
6.08055555556
5.74166666667
5.80277777778
5.86388888889
5.925
5.98888888889
5.65277777778
5.71388888889
5.77222222222
5.83333333333
5.89444444444
5.56666666667
5.625
5.68333333333
5.74444444444
5.80277777778
5.48055555556
5.53888888889
5.59722222222
5.65555555556
5.71388888889
5.39722222222
5.45277777778
5.51111111111
5.56666666667
5.625
5.31388888889
5.36944444444
5.425
5.48333333333
5.53888888889
5.23333333333
5.28611111111
5.34166666667
5.39722222222
5.45555555556
5.15277777778
5.20555555556
5.26111111111
5.31666666667
5.37222222222
5.075
5.12777777778
5.18055555556
5.23611111111
5.28888888889
4.99722222222
5.05
5.10277777778
5.15555555556
5.20833333333
4.92222222222
4.97222222222
5.025
5.07777777778
5.13055555556
4.84722222222
4.89722222222
4.94722222222
 5.0
5.05277777778
4.77222222222
4.82222222222
4.87222222222
4.925
4.975
4.70277777778
4.75
 4.8
4.85
 4.9
4.63055555556
4.67777777778
4.72777777778
4.775
4.825
4.56111111111
4.60833333333
4.65555555556
4.70555555556
4.75277777778
4.49166666667
4.53888888889
4.58611111111
4.63333333333
4.68055555556
4.425
4.47222222222
4.51666666667
4.56388888889
4.61111111111
4.35833333333
4.40555555556
4.45
4.49722222222
4.54166666667
4.29444444444
4.33888888889
4.38333333333
4.42777777778
4.475
4.23055555556
4.275
4.31944444444
4.36388888889
4.40833333333
4.16666666667
4.21111111111
4.25277777778
4.29722222222
4.34166666667
4.10555555556
4.14722222222
4.19166666667
4.23333333333
4.27777777778
4.04444444444
4.08611111111
4.12777777778
4.17222222222
4.21388888889
3.98611111111
4.025
4.06666666667
4.10833333333
4.15277777778
3.92777777778
3.96666666667
4.00833333333
4.05
4.09166666667
3.86944444444
3.90833333333
3.94722222222
3.98888888889
4.03055555556
3.81111111111
3.85
3.89166666667
3.93055555556
3.96944444444
3.75555555556
3.79444444444
3.83333333333
3.87222222222
3.91111111111
 3.7
3.73888888889
3.77777777778
3.81666666667
3.85555555556
3.64722222222
3.68333333333
3.72222222222
3.76111111111
3.79722222222
3.59444444444
3.63055555556
3.66666666667
3.70555555556
3.74444444444
3.54166666667
3.57777777778
3.61388888889
3.65
3.68888888889
3.49166666667
3.525
3.56111111111
3.59722222222
3.63611111111
3.43888888889
3.475
3.51111111111
3.54722222222
3.58333333333
3.38888888889
3.425
3.45833333333
3.49444444444
3.53055555556
3.34166666667
3.375
3.40833333333
3.44444444444
3.47777777778
3.29166666667
3.32777777778
3.36111111111
3.39444444444
3.42777777778
3.24444444444
3.27777777778
3.31111111111
3.34444444444
3.38055555556
 3.2
3.23055555556
3.26388888889
3.29722222222
3.33055555556
3.15277777778
3.18611111111
3.21666666667
3.25
3.28333333333
3.10833333333
3.13888888889
3.17222222222
3.20277777778
3.23611111111
3.06388888889
3.09444444444
3.125
3.15833333333
3.18888888889
3.01944444444
3.05
3.08055555556
3.11388888889
3.14444444444
2.97777777778
3.00833333333
3.03888888889
3.06944444444
 3.1
2.93611111111
2.96388888889
2.99444444444
3.025
3.05555555556
2.89444444444
2.92222222222
2.95277777778
2.98055555556
3.01111111111
2.85277777778
2.88055555556
2.91111111111
2.93888888889
2.96944444444
2.81111111111
2.84166666667
2.86944444444
2.89722222222
2.92777777778
2.77222222222
 2.8
2.82777777778
2.85833333333
2.88611111111
2.73333333333
2.76111111111
2.78888888889
2.81666666667
2.84444444444
2.69444444444
2.72222222222
2.75
2.77777777778
2.80555555556
2.65833333333
2.68333333333
2.71111111111
2.73888888889
2.76666666667
2.61944444444
2.64722222222
2.67222222222
 2.7
2.72777777778
2.58333333333
2.61111111111
2.63611111111
2.66111111111
2.68888888889
2.54722222222
2.57222222222
 2.6
2.625
2.65
2.51388888889
2.53888888889
2.56388888889
2.58888888889
2.61388888889
2.47777777778
2.50277777778
2.52777777778
2.55277777778
2.57777777778
2.44444444444
2.46666666667
2.49166666667
2.51666666667
2.54166666667
2.40833333333
2.43333333333
2.45833333333
2.48333333333
2.50555555556
2.375
 2.4
2.425
2.44722222222
2.47222222222
2.34444444444
2.36666666667
2.39166666667
2.41388888889
2.43888888889
2.31111111111
2.33333333333
2.35833333333
2.38055555556
2.40555555556
2.28055555556
2.30277777778
2.325
2.34722222222
2.37222222222
2.24722222222
2.26944444444
2.29444444444
2.31666666667
2.33888888889
2.21666666667
2.23888888889
2.26111111111
2.28333333333
2.30555555556
2.18611111111
2.20833333333
2.23055555556
2.25277777778
2.275
2.15833333333
2.17777777778
 2.2
2.22222222222
2.24444444444
2.12777777778
2.15
2.16944444444
2.19166666667
2.21388888889
 2.1
2.11944444444
2.14166666667
2.16111111111
2.18333333333
2.07222222222
2.09166666667
2.11111111111
2.13333333333
2.15277777778
2.04444444444
2.06388888889
2.08333333333
2.10277777778
2.125
2.01666666667
2.03611111111
2.05555555556
2.075
2.09722222222
1.98888888889
2.00833333333
2.02777777778
2.04722222222
2.06666666667
1.96111111111
1.98055555556
 2.0
2.01944444444
2.03888888889
1.93611111111
1.95555555556
1.97222222222
1.99166666667
2.01111111111
1.90833333333
1.92777777778
1.94722222222
1.96666666667
1.98611111111
1.88333333333
1.90277777778
1.92222222222
1.93888888889
1.95833333333
1.85833333333
1.87777777778
1.89444444444
1.91388888889
1.93333333333
1.83333333333
1.85277777778
1.86944444444
1.88888888889
1.90555555556
1.80833333333
1.82777777778
1.84444444444
1.86388888889
1.88055555556
1.78611111111
1.80277777778
1.81944444444
1.83888888889
1.85555555556
1.76111111111
1.77777777778
1.79722222222
1.81388888889
1.83055555556
1.73888888889
1.75555555556
1.77222222222
1.78888888889
1.80833333333
1.71666666667
1.73333333333
1.75
1.76666666667
1.78333333333
1.69444444444
1.70833333333
1.725
1.74166666667
1.75833333333
1.66944444444
1.68611111111
1.70277777778
1.71944444444
1.73611111111
1.65
1.66388888889
1.68055555556
1.69722222222
1.71388888889
1.62777777778
1.64166666667
1.65833333333
1.675
1.69166666667
1.60555555556
1.62222222222
1.63611111111
1.65277777778
1.66944444444
1.58611111111
 1.6
1.61666666667
1.63055555556
1.64722222222
1.56388888889
1.58055555556
1.59444444444
1.61111111111
1.625
1.54444444444
1.55833333333
1.575
1.58888888889
1.60555555556
1.525
1.53888888889
1.55277777778
1.56944444444
1.58333333333
1.50555555556
1.51944444444
1.53333333333
1.54722222222
1.56388888889
1.48611111111
 1.5
1.51388888889
1.52777777778
1.54166666667
1.46666666667
1.48055555556
1.49444444444
1.50833333333
1.52222222222
1.44722222222
1.46111111111
1.475
1.48888888889
1.50277777778
1.42777777778
1.44166666667
1.45555555556
1.46944444444
1.48333333333
1.40833333333
1.42222222222
1.43611111111
1.45
1.46388888889
1.39166666667
1.40555555556
1.41944444444
1.43333333333
1.44444444444
1.375
1.38611111111
 1.4
1.41388888889
1.42777777778
1.35555555556
1.36944444444
1.38333333333
1.39444444444
1.40833333333
1.33888888889
1.35277777778
1.36388888889
1.37777777778
1.39166666667
1.32222222222
1.33333333333
1.34722222222
1.36111111111
1.37222222222
1.30555555556
1.31666666667
1.33055555556
1.34166666667
1.35555555556
1.28888888889
 1.3
1.31388888889
1.325
1.33888888889
1.27222222222
1.28333333333
1.29722222222
1.30833333333
1.32222222222
1.25555555556
1.26944444444
1.28055555556
1.29166666667
1.30555555556
1.24166666667
1.25277777778
1.26388888889
1.275
1.28888888889
1.225
1.23611111111
1.24722222222
1.26111111111
1.27222222222
1.20833333333
1.21944444444
1.23333333333
1.24444444444
1.25555555556
1.19444444444
1.20555555556
1.21666666667
1.22777777778
1.23888888889
1.18055555556
1.19166666667
1.20277777778
1.21388888889
1.225
1.16388888889
1.175
1.18611111111
1.19722222222
1.20833333333
1.15
1.16111111111
1.17222222222
1.18333333333
1.19444444444
1.13611111111
1.14722222222
1.15833333333
1.16666666667
1.17777777778
1.12222222222
1.13333333333
1.14166666667
1.15277777778
1.16388888889
1.10833333333
1.11666666667
1.12777777778
1.13888888889
1.15
1.09444444444
1.10277777778
1.11388888889
1.125
1.13611111111
1.08055555556
1.09166666667
 1.1
1.11111111111
1.12222222222
1.06666666667
1.07777777778
1.08611111111
1.09722222222
1.10833333333
1.05277777778
1.06388888889
1.075
1.08333333333
1.09444444444
1.04166666667
1.05
1.06111111111
1.06944444444
1.08055555556
1.02777777778
1.03888888889
1.04722222222
1.05833333333
1.06666666667
1.01666666667
1.025
1.03333333333
1.04444444444
1.05277777778
1.00277777778
1.01111111111
1.02222222222
1.03055555556
1.04166666667
0.991666666667
 1.0
1.00833333333
1.01944444444
1.02777777778
0.977777777778
0.988888888889
0.997222222222
1.00555555556
1.01666666667
0.966666666667
0.975
0.986111111111
0.994444444444
1.00277777778
0.955555555556
0.963888888889
0.972222222222
0.980555555556
0.991666666667
0.944444444444
0.952777777778
0.961111111111
0.969444444444
0.977777777778
0.933333333333
0.941666666667
0.95
0.958333333333
0.966666666667
0.919444444444
0.930555555556
0.938888888889
0.947222222222
0.955555555556
0.908333333333
0.916666666667
0.927777777778
0.936111111111
0.944444444444
 0.9
0.908333333333
0.916666666667
0.925
0.933333333333
0.888888888889
0.897222222222
0.905555555556
0.913888888889
0.922222222222
0.877777777778
0.886111111111
0.894444444444
0.902777777778
0.911111111111
0.866666666667
0.875
0.883333333333
0.891666666667
 0.9
0.855555555556
0.863888888889
0.872222222222
0.880555555556
0.888888888889
0.847222222222
0.852777777778
0.861111111111
0.869444444444
0.877777777778
0.836111111111
0.844444444444
0.852777777778
0.858333333333
0.866666666667
0.825
0.833333333333
0.841666666667
0.85
0.855555555556
0.816666666667
0.825
0.830555555556
0.838888888889
0.847222222222
0.805555555556
0.813888888889
0.822222222222
0.827777777778
0.836111111111
0.797222222222
0.805555555556
0.811111111111
0.819444444444
0.827777777778
0.788888888889
0.794444444444
0.802777777778
0.808333333333
0.816666666667
0.777777777778
0.786111111111
0.791666666667
 0.8
0.808333333333
0.769444444444
0.775
0.783333333333
0.791666666667
0.797222222222
0.761111111111
0.766666666667
0.775
0.780555555556
0.788888888889
0.75
0.758333333333
0.763888888889
0.772222222222
0.777777777778
0.741666666667
0.75
0.755555555556
0.763888888889
0.769444444444
0.733333333333
0.741666666667
0.747222222222
0.752777777778
0.761111111111
0.725
0.730555555556
0.738888888889
0.744444444444
0.752777777778
0.716666666667
0.722222222222
0.730555555556
0.736111111111
0.744444444444
0.708333333333
0.713888888889
0.722222222222
0.727777777778
0.733333333333
 0.7
0.705555555556
0.713888888889
0.719444444444
0.725
0.691666666667
0.697222222222
0.705555555556
0.711111111111
0.716666666667
0.683333333333
0.688888888889
0.697222222222
0.702777777778
0.708333333333
0.675
0.683333333333
0.688888888889
0.694444444444
 0.7
0.669444444444
0.675
0.680555555556
0.686111111111
0.691666666667
0.661111111111
0.666666666667
0.672222222222
0.677777777778
0.686111111111
0.652777777778
0.658333333333
0.663888888889
0.669444444444
0.677777777778
0.644444444444
0.65
0.658333333333
0.663888888889
0.669444444444
0.638888888889
0.644444444444
0.65
0.655555555556
0.661111111111
0.630555555556
0.636111111111
0.641666666667
0.647222222222
0.652777777778
0.622222222222
0.627777777778
0.636111111111
0.641666666667
0.647222222222
0.616666666667
0.622222222222
0.627777777778
0.633333333333
0.638888888889
0.608333333333
0.613888888889
0.619444444444
0.625
0.630555555556
0.602777777778
0.608333333333
0.613888888889
0.619444444444
0.625
0.594444444444
 0.6
0.605555555556
0.611111111111
0.616666666667
0.588888888889
0.594444444444
 0.6
0.605555555556
0.611111111111
0.583333333333
0.586111111111
0.591666666667
0.597222222222
0.602777777778
0.575
0.580555555556
0.586111111111
0.591666666667
0.597222222222
0.569444444444
0.575
0.580555555556
0.583333333333
0.588888888889
0.563888888889
0.566666666667
0.572222222222
0.577777777778
0.583333333333
0.555555555556
0.561111111111
0.566666666667
0.572222222222
0.577777777778
0.55
0.555555555556
0.561111111111
0.563888888889
0.569444444444
0.544444444444
0.55
0.552777777778
0.558333333333
0.563888888889
0.538888888889
0.541666666667
0.547222222222
0.552777777778
0.558333333333
0.533333333333
0.536111111111
0.541666666667
0.547222222222
0.55
0.525
0.530555555556
0.536111111111
0.541666666667
0.544444444444
0.519444444444
0.525
0.530555555556
0.533333333333
0.538888888889
0.513888888889
0.519444444444
0.525
0.527777777778
0.533333333333
0.508333333333
0.513888888889
0.516666666667
0.522222222222
0.527777777778
0.502777777778
0.508333333333
0.511111111111
0.516666666667
0.522222222222
0.497222222222
0.502777777778
0.505555555556
0.511111111111
0.516666666667
