3.34444444444
3.36111111111
3.37777777778
3.39444444444
3.41388888889
3.29444444444
3.31111111111
3.32777777778
3.34444444444
3.36111111111
3.24444444444
3.26111111111
3.27777777778
3.29444444444
3.31111111111
3.19444444444
3.21111111111
3.22777777778
3.24444444444
3.26111111111
3.14722222222
3.16388888889
3.17777777778
3.19444444444
3.21111111111
 3.1
3.11666666667
3.13055555556
3.14722222222
3.16388888889
3.05277777778
3.06944444444
3.08333333333
 3.1
3.11666666667
3.00833333333
3.02222222222
3.03888888889
3.05277777778
3.06944444444
2.96388888889
2.97777777778
2.99444444444
3.00833333333
3.025
2.91944444444
2.93333333333
2.94722222222
2.96388888889
2.97777777778
2.875
2.88888888889
2.90555555556
2.91944444444
2.93333333333
2.83333333333
2.84722222222
2.86111111111
2.875
2.89166666667
2.79166666667
2.80555555556
2.81944444444
2.83333333333
2.84722222222
2.75
2.76388888889
2.77777777778
2.79166666667
2.80555555556
2.70833333333
2.72222222222
2.73611111111
2.75
2.76388888889
2.66944444444
2.68333333333
2.69722222222
2.71111111111
2.725
2.63055555556
2.64444444444
2.65833333333
2.66944444444
2.68333333333
2.59166666667
2.60555555556
2.61944444444
2.63055555556
2.64444444444
2.55277777778
2.56666666667
2.58055555556
2.59166666667
2.60555555556
2.51666666667
2.53055555556
2.54166666667
2.55555555556
2.56666666667
2.48055555556
2.49166666667
2.50555555556
2.51666666667
2.53055555556
2.44444444444
2.45555555556
2.46944444444
2.48055555556
2.49444444444
2.40833333333
2.42222222222
2.43333333333
2.44444444444
2.45833333333
2.375
2.38611111111
2.39722222222
2.41111111111
2.42222222222
2.33888888889
2.35
2.36388888889
2.375
2.38611111111
2.30555555556
2.31666666667
2.32777777778
2.34166666667
2.35277777778
2.27222222222
2.28333333333
2.29444444444
2.30833333333
2.31944444444
2.23888888889
2.25
2.26388888889
2.275
2.28611111111
2.20833333333
2.21944444444
2.23055555556
2.24166666667
2.25277777778
2.17777777778
2.18611111111
2.19722222222
2.20833333333
2.21944444444
2.14444444444
2.15555555556
2.16666666667
2.17777777778
2.18888888889
2.11388888889
2.125
2.13611111111
2.14722222222
2.15833333333
2.08611111111
2.09444444444
2.10555555556
2.11666666667
2.12777777778
2.05555555556
2.06666666667
2.075
2.08611111111
2.09722222222
2.025
2.03611111111
2.04722222222
2.05555555556
2.06666666667
1.99722222222
2.00833333333
2.01666666667
2.02777777778
2.03611111111
1.96944444444
1.97777777778
1.98888888889
 2.0
2.00833333333
1.94166666667
1.95
1.96111111111
1.96944444444
1.98055555556
1.91388888889
1.925
1.93333333333
1.94166666667
1.95277777778
1.88611111111
1.89722222222
1.90555555556
1.91666666667
1.925
1.86111111111
1.86944444444
1.88055555556
1.88888888889
1.89722222222
1.83611111111
1.84444444444
1.85277777778
1.86111111111
1.87222222222
1.80833333333
1.81944444444
1.82777777778
1.83611111111
1.84444444444
1.78333333333
1.79444444444
1.80277777778
1.81111111111
1.81944444444
1.75833333333
1.76944444444
1.77777777778
1.78611111111
1.79444444444
1.73611111111
1.74444444444
1.75277777778
1.76111111111
1.76944444444
1.71111111111
1.71944444444
1.72777777778
1.73611111111
1.74444444444
1.68611111111
1.69444444444
1.70277777778
1.71111111111
1.71944444444
1.66388888889
1.67222222222
1.68055555556
1.68888888889
1.69722222222
1.64166666667
1.65
1.65833333333
1.66666666667
1.675
1.61944444444
1.62777777778
1.63333333333
1.64166666667
1.65
1.59722222222
1.60555555556
1.61111111111
1.61944444444
1.62777777778
1.575
1.58333333333
1.58888888889
1.59722222222
1.60555555556
1.55277777778
1.56111111111
1.56944444444
1.575
1.58333333333
1.53333333333
1.53888888889
1.54722222222
1.55555555556
1.56111111111
1.51111111111
1.51944444444
1.525
1.53333333333
1.54166666667
1.49166666667
1.49722222222
1.50555555556
1.51388888889
1.51944444444
1.46944444444
1.47777777778
1.48611111111
1.49166666667
 1.5
1.45
1.45833333333
1.46388888889
1.47222222222
1.47777777778
1.43055555556
1.43888888889
1.44444444444
1.45277777778
1.45833333333
1.41111111111
1.41944444444
1.425
1.43333333333
1.43888888889
1.39166666667
 1.4
1.40555555556
1.41388888889
1.41944444444
1.375
1.38055555556
1.38611111111
1.39444444444
 1.4
1.35555555556
1.36111111111
1.36944444444
1.375
1.38333333333
1.33888888889
1.34444444444
1.35
1.35833333333
1.36388888889
1.31944444444
1.325
1.33333333333
1.33888888889
1.34444444444
1.30277777778
1.30833333333
1.31388888889
1.32222222222
1.32777777778
1.28611111111
1.29166666667
1.29722222222
1.30277777778
1.31111111111
1.26666666667
1.275
1.28055555556
1.28611111111
1.29166666667
1.25
1.25833333333
1.26388888889
1.26944444444
1.275
1.23333333333
1.24166666667
1.24722222222
1.25277777778
1.25833333333
1.21944444444
1.225
1.23055555556
1.23611111111
1.24166666667
1.20277777778
1.20833333333
1.21388888889
1.21944444444
1.225
1.18611111111
1.19166666667
1.19722222222
1.20277777778
1.20833333333
1.16944444444
1.175
1.18333333333
1.18888888889
1.19444444444
1.15555555556
1.16111111111
1.16666666667
1.17222222222
1.17777777778
1.14166666667
1.14444444444
1.15
1.15555555556
1.16111111111
1.125
1.13055555556
1.13611111111
1.14166666667
1.14722222222
1.11111111111
1.11666666667
1.12222222222
1.12777777778
1.13333333333
1.09722222222
1.10277777778
1.10555555556
1.11111111111
1.11666666667
1.08333333333
1.08611111111
1.09166666667
1.09722222222
1.10277777778
1.06944444444
1.07222222222
1.07777777778
1.08333333333
1.08888888889
1.05555555556
1.05833333333
1.06388888889
1.06944444444
1.075
1.04166666667
1.04444444444
1.05
1.05555555556
1.06111111111
1.02777777778
1.03333333333
1.03611111111
1.04166666667
1.04722222222
1.01388888889
1.01944444444
1.025
1.02777777778
1.03333333333
 1.0
1.00555555556
1.01111111111
1.01666666667
1.01944444444
0.988888888889
0.991666666667
0.997222222222
1.00277777778
1.00833333333
0.975
0.980555555556
0.986111111111
0.988888888889
0.994444444444
0.963888888889
0.966666666667
0.972222222222
0.977777777778
0.980555555556
0.95
0.955555555556
0.961111111111
0.963888888889
0.969444444444
0.938888888889
0.944444444444
0.947222222222
0.952777777778
0.955555555556
0.927777777778
0.930555555556
0.936111111111
0.938888888889
0.944444444444
0.913888888889
0.919444444444
0.925
0.927777777778
0.933333333333
0.902777777778
0.908333333333
0.911111111111
0.916666666667
0.919444444444
0.891666666667
0.897222222222
 0.9
0.905555555556
0.908333333333
0.880555555556
0.886111111111
0.888888888889
0.894444444444
0.897222222222
0.869444444444
0.875
0.877777777778
0.883333333333
0.886111111111
0.858333333333
0.863888888889
0.866666666667
0.872222222222
0.875
0.847222222222
0.852777777778
0.855555555556
0.861111111111
0.863888888889
0.838888888889
0.841666666667
0.844444444444
0.85
0.852777777778
0.827777777778
0.830555555556
0.836111111111
0.838888888889
0.841666666667
0.816666666667
0.819444444444
0.825
0.827777777778
0.833333333333
0.805555555556
0.811111111111
0.813888888889
0.816666666667
0.822222222222
0.797222222222
 0.8
0.802777777778
0.808333333333
0.811111111111
0.786111111111
0.791666666667
0.794444444444
0.797222222222
0.802777777778
0.777777777778
0.780555555556
0.783333333333
0.788888888889
0.791666666667
0.766666666667
0.772222222222
0.775
0.777777777778
0.780555555556
0.758333333333
0.761111111111
0.763888888889
0.769444444444
0.772222222222
0.75
0.752777777778
0.755555555556
0.758333333333
0.763888888889
0.738888888889
0.741666666667
0.747222222222
0.75
0.752777777778
0.730555555556
0.733333333333
0.736111111111
0.741666666667
0.744444444444
0.722222222222
0.725
0.727777777778
0.730555555556
0.736111111111
0.713888888889
0.716666666667
0.719444444444
0.722222222222
0.725
0.702777777778
0.708333333333
0.711111111111
0.713888888889
0.716666666667
0.694444444444
0.697222222222
0.702777777778
0.705555555556
0.708333333333
0.686111111111
0.688888888889
0.694444444444
0.697222222222
 0.7
0.677777777778
0.680555555556
0.686111111111
0.688888888889
0.691666666667
0.669444444444
0.672222222222
0.677777777778
0.680555555556
0.683333333333
0.661111111111
0.666666666667
0.669444444444
0.672222222222
0.675
0.655555555556
0.658333333333
0.661111111111
0.663888888889
0.666666666667
0.647222222222
0.65
0.652777777778
0.655555555556
0.658333333333
0.638888888889
0.641666666667
0.644444444444
0.647222222222
0.65
0.630555555556
0.633333333333
0.636111111111
0.638888888889
0.641666666667
0.622222222222
0.625
0.627777777778
0.633333333333
0.636111111111
0.616666666667
0.619444444444
0.622222222222
0.625
0.627777777778
0.608333333333
0.611111111111
0.613888888889
0.616666666667
0.619444444444
 0.6
0.602777777778
0.605555555556
0.608333333333
0.611111111111
0.594444444444
0.597222222222
 0.6
0.602777777778
0.605555555556
0.586111111111
0.588888888889
0.591666666667
0.594444444444
0.597222222222
0.580555555556
0.583333333333
0.586111111111
0.588888888889
0.591666666667
0.572222222222
0.575
0.577777777778
0.580555555556
0.583333333333
0.566666666667
0.569444444444
0.572222222222
0.575
0.577777777778
0.561111111111
0.561111111111
0.563888888889
0.566666666667
0.569444444444
0.552777777778
0.555555555556
0.558333333333
0.561111111111
0.563888888889
0.547222222222
0.55
0.552777777778
0.555555555556
0.555555555556
0.541666666667
0.541666666667
0.544444444444
0.547222222222
0.55
0.533333333333
0.536111111111
0.538888888889
0.541666666667
0.544444444444
0.527777777778
0.530555555556
0.533333333333
0.536111111111
0.536111111111
0.522222222222
0.525
0.527777777778
0.527777777778
0.530555555556
0.516666666667
0.516666666667
0.519444444444
0.522222222222
0.525
0.508333333333
0.511111111111
0.513888888889
0.516666666667
0.519444444444
0.502777777778
0.505555555556
0.508333333333
0.511111111111
0.513888888889
0.497222222222
 0.5
0.502777777778
0.505555555556
0.505555555556
0.491666666667
0.494444444444
0.497222222222
 0.5
 0.5
0.486111111111
0.488888888889
0.491666666667
0.491666666667
0.494444444444
0.480555555556
0.483333333333
0.486111111111
0.486111111111
0.488888888889
0.475
0.477777777778
0.480555555556
0.480555555556
0.483333333333
0.469444444444
0.472222222222
0.475
0.475
0.477777777778
0.463888888889
0.466666666667
0.469444444444
0.469444444444
0.472222222222
0.458333333333
0.461111111111
0.463888888889
0.466666666667
0.466666666667
0.452777777778
0.455555555556
0.458333333333
0.461111111111
0.461111111111
0.45
0.45
0.452777777778
0.455555555556
0.455555555556
0.444444444444
0.444444444444
0.447222222222
0.45
0.452777777778
0.438888888889
0.441666666667
0.441666666667
0.444444444444
0.447222222222
0.433333333333
0.436111111111
0.438888888889
0.438888888889
0.441666666667
0.427777777778
0.430555555556
0.433333333333
0.433333333333
0.436111111111
0.425
0.425
0.427777777778
0.430555555556
0.430555555556
0.419444444444
0.422222222222
0.422222222222
0.425
0.427777777778
0.413888888889
0.416666666667
0.419444444444
0.419444444444
0.422222222222
0.411111111111
0.411111111111
0.413888888889
0.413888888889
0.416666666667
0.405555555556
0.408333333333
0.408333333333
0.411111111111
0.411111111111
 0.4
0.402777777778
0.405555555556
0.405555555556
0.408333333333
0.397222222222
0.397222222222
 0.4
0.402777777778
0.402777777778
0.391666666667
0.394444444444
0.394444444444
0.397222222222
 0.4
0.386111111111
0.388888888889
0.391666666667
0.391666666667
0.394444444444
0.383333333333
0.386111111111
0.386111111111
0.388888888889
0.388888888889
0.377777777778
0.380555555556
0.383333333333
0.383333333333
0.386111111111
0.375
0.375
0.377777777778
0.380555555556
0.380555555556
0.369444444444
0.372222222222
0.375
0.375
0.377777777778
0.366666666667
0.366666666667
0.369444444444
0.372222222222
0.372222222222
0.361111111111
0.363888888889
0.366666666667
0.366666666667
0.369444444444
0.358333333333
0.361111111111
0.361111111111
0.363888888889
0.363888888889
0.355555555556
0.355555555556
0.358333333333
0.358333333333
0.361111111111
0.35
0.352777777778
0.352777777778
0.355555555556
0.355555555556
0.347222222222
0.347222222222
0.35
0.35
0.352777777778
0.341666666667
0.344444444444
0.347222222222
0.347222222222
0.35
0.338888888889
0.341666666667
0.341666666667
0.344444444444
0.344444444444
0.336111111111
0.336111111111
0.338888888889
0.338888888889
0.341666666667
0.330555555556
0.333333333333
0.336111111111
0.336111111111
0.338888888889
0.327777777778
0.330555555556
0.330555555556
0.333333333333
0.333333333333
0.325
0.325
0.327777777778
0.327777777778
0.330555555556
0.322222222222
0.322222222222
0.325
0.325
0.327777777778
0.316666666667
0.319444444444
0.319444444444
0.322222222222
0.322222222222
0.313888888889
0.316666666667
0.316666666667
0.319444444444
0.319444444444
0.311111111111
0.311111111111
0.313888888889
0.313888888889
0.316666666667
0.308333333333
0.308333333333
0.311111111111
0.311111111111
0.313888888889
0.305555555556
0.305555555556
0.305555555556
0.308333333333
0.308333333333
 0.3
0.302777777778
0.302777777778
0.305555555556
0.305555555556
0.297222222222
 0.3
 0.3
0.302777777778
0.302777777778
0.294444444444
0.297222222222
0.297222222222
0.297222222222
 0.3
0.291666666667
0.291666666667
0.294444444444
0.294444444444
0.297222222222
0.288888888889
0.288888888889
0.291666666667
0.291666666667
0.294444444444
0.286111111111
0.286111111111
0.288888888889
0.288888888889
0.291666666667
0.283333333333
0.283333333333
0.286111111111
0.286111111111
0.286111111111
0.280555555556
0.280555555556
0.280555555556
0.283333333333
0.283333333333
0.277777777778
0.277777777778
0.277777777778
0.280555555556
0.280555555556
0.272222222222
0.275
0.275
0.277777777778
0.277777777778
0.269444444444
0.272222222222
0.272222222222
0.275
0.275
0.266666666667
0.269444444444
0.269444444444
0.272222222222
0.272222222222
