4.85555555556
4.89444444444
4.93055555556
4.96944444444
5.01111111111
4.78055555556
4.81666666667
4.85555555556
4.89444444444
4.93333333333
4.70555555556
4.74166666667
4.78055555556
4.81666666667
4.85555555556
4.63333333333
4.66944444444
4.70555555556
4.74444444444
4.78055555556
4.56111111111
4.59722222222
4.63333333333
4.66944444444
4.70833333333
4.49166666667
4.52777777778
4.56388888889
 4.6
4.63611111111
4.42222222222
4.45833333333
4.49166666667
4.52777777778
4.56388888889
4.35555555556
4.38888888889
4.425
4.45833333333
4.49444444444
4.28888888889
4.32222222222
4.35555555556
4.39166666667
4.425
4.225
4.25555555556
4.28888888889
4.325
4.35833333333
4.15833333333
4.19166666667
4.225
4.25833333333
4.29166666667
4.09722222222
4.12777777778
4.16111111111
4.19444444444
4.225
4.03333333333
4.06666666667
4.09722222222
4.13055555556
4.16111111111
3.97222222222
4.00555555556
4.03611111111
4.06666666667
 4.1
3.91388888889
3.94444444444
3.975
4.00555555556
4.03611111111
3.85555555556
3.88333333333
3.91388888889
3.94444444444
3.975
3.79722222222
3.825
3.85555555556
3.88611111111
3.91666666667
3.73888888889
3.76944444444
3.79722222222
3.82777777778
3.85833333333
3.68333333333
3.71111111111
3.74166666667
3.76944444444
 3.8
3.62777777778
3.65833333333
3.68611111111
3.71388888889
3.74166666667
3.575
3.60277777778
3.63055555556
3.65833333333
3.68611111111
3.52222222222
3.55
3.575
3.60277777778
3.63055555556
3.46944444444
3.49722222222
3.52222222222
3.55
3.57777777778
3.41666666667
3.44444444444
3.46944444444
3.49722222222
3.525
3.36666666667
3.39444444444
3.41944444444
3.44444444444
3.47222222222
3.31666666667
3.34444444444
3.36944444444
3.39444444444
3.42222222222
3.26944444444
3.29444444444
3.31944444444
3.34444444444
3.36944444444
3.21944444444
3.24444444444
3.26944444444
3.29444444444
3.31944444444
3.17222222222
3.19722222222
3.22222222222
3.24722222222
3.27222222222
3.12777777778
3.15
3.175
 3.2
3.225
3.08055555556
3.10555555556
3.12777777778
3.15277777778
3.17777777778
3.03611111111
3.05833333333
3.08333333333
3.10555555556
3.13055555556
2.99166666667
3.01388888889
3.03888888889
3.06111111111
3.08333333333
2.94722222222
2.97222222222
2.99444444444
3.01666666667
3.03888888889
2.90555555556
2.92777777778
2.95
2.97222222222
2.99444444444
2.86388888889
2.88611111111
2.90833333333
2.93055555556
2.95277777778
2.82222222222
2.84444444444
2.86666666667
2.88611111111
2.90833333333
2.78055555556
2.80277777778
2.825
2.84444444444
2.86666666667
2.74166666667
2.76111111111
2.78333333333
2.80555555556
2.825
2.70277777778
2.72222222222
2.74444444444
2.76388888889
2.78611111111
2.66388888889
2.68333333333
2.70277777778
2.725
2.74444444444
2.625
2.64444444444
2.66388888889
2.68611111111
2.70555555556
2.58888888889
2.60833333333
2.62777777778
2.64722222222
2.66666666667
2.55
2.56944444444
2.58888888889
2.60833333333
2.62777777778
2.51388888889
2.53333333333
2.55277777778
2.57222222222
2.59166666667
2.47777777778
2.49722222222
2.51666666667
2.53611111111
2.55555555556
2.44444444444
2.46111111111
2.48055555556
 2.5
2.51944444444
2.40833333333
2.42777777778
2.44444444444
2.46388888889
2.48333333333
2.375
2.39166666667
2.41111111111
2.43055555556
2.44722222222
2.34166666667
2.35833333333
2.37777777778
2.39444444444
2.41388888889
2.30833333333
2.325
2.34444444444
2.36111111111
2.37777777778
2.275
2.29444444444
2.31111111111
2.32777777778
2.34444444444
2.24444444444
2.26111111111
2.27777777778
2.29444444444
2.31388888889
2.21388888889
2.23055555556
2.24722222222
2.26388888889
2.28055555556
2.18333333333
2.19722222222
2.21388888889
2.23055555556
2.24722222222
2.15277777778
2.16666666667
2.18333333333
 2.2
2.21666666667
2.12222222222
2.13888888889
2.15277777778
2.16944444444
2.18611111111
2.09166666667
2.10833333333
2.125
2.13888888889
2.15555555556
2.06388888889
2.07777777778
2.09444444444
2.11111111111
2.125
2.03611111111
2.05
2.06388888889
2.08055555556
2.09722222222
2.00555555556
2.02222222222
2.03611111111
2.05277777778
2.06666666667
1.97777777778
1.99444444444
2.00833333333
2.02222222222
2.03888888889
1.95277777778
1.96666666667
1.98055555556
1.99444444444
2.01111111111
1.925
1.93888888889
1.95277777778
1.96944444444
1.98333333333
 1.9
1.91388888889
1.92777777778
1.94166666667
1.95555555556
1.87222222222
1.88611111111
 1.9
1.91388888889
1.92777777778
1.84722222222
1.86111111111
1.875
1.88888888889
1.90277777778
1.82222222222
1.83611111111
1.85
1.86388888889
1.87777777778
1.79722222222
1.81111111111
1.825
1.83611111111
1.85
1.77222222222
1.78611111111
 1.8
1.81111111111
1.825
1.75
1.76111111111
1.775
1.78888888889
 1.8
1.725
1.73888888889
1.75
1.76388888889
1.77777777778
1.70277777778
1.71388888889
1.72777777778
1.73888888889
1.75277777778
1.67777777778
1.69166666667
1.70277777778
1.71666666667
1.72777777778
1.65555555556
1.66944444444
1.68055555556
1.69444444444
1.70555555556
1.63333333333
1.64722222222
1.65833333333
1.66944444444
1.68333333333
1.61111111111
1.625
1.63611111111
1.64722222222
1.66111111111
1.59166666667
1.60277777778
1.61388888889
1.625
1.63888888889
1.56944444444
1.58055555556
1.59166666667
1.60277777778
1.61666666667
1.54722222222
1.56111111111
1.57222222222
1.58333333333
1.59444444444
1.52777777778
1.53888888889
1.55
1.56111111111
1.57222222222
1.50833333333
1.51944444444
1.53055555556
1.54166666667
1.55277777778
1.48888888889
1.49722222222
1.50833333333
1.51944444444
1.53055555556
1.46666666667
1.47777777778
1.48888888889
 1.5
1.51111111111
1.45
1.45833333333
1.46944444444
1.48055555556
1.49166666667
1.43055555556
1.43888888889
1.45
1.46111111111
1.47222222222
1.41111111111
1.42222222222
1.43055555556
1.44166666667
1.45277777778
1.39166666667
1.40277777778
1.41111111111
1.42222222222
1.43333333333
1.375
1.38333333333
1.39444444444
1.40277777778
1.41388888889
1.35555555556
1.36666666667
1.375
1.38611111111
1.39444444444
1.33888888889
1.34722222222
1.35833333333
1.36666666667
1.37777777778
1.32222222222
1.33055555556
1.33888888889
1.35
1.35833333333
1.30277777778
1.31388888889
1.32222222222
1.33333333333
1.34166666667
1.28611111111
1.29722222222
1.30555555556
1.31388888889
1.325
1.26944444444
1.28055555556
1.28888888889
1.29722222222
1.30833333333
1.25277777778
1.26388888889
1.27222222222
1.28055555556
1.28888888889
1.23611111111
1.24722222222
1.25555555556
1.26388888889
1.27222222222
1.22222222222
1.23055555556
1.23888888889
1.24722222222
1.25833333333
1.20555555556
1.21388888889
1.22222222222
1.23333333333
1.24166666667
1.19166666667
 1.2
1.20833333333
1.21666666667
1.225
1.175
1.18333333333
1.19166666667
 1.2
1.20833333333
1.16111111111
1.16944444444
1.17777777778
1.18611111111
1.19444444444
1.14444444444
1.15277777778
1.16111111111
1.16944444444
1.17777777778
1.13055555556
1.13888888889
1.14722222222
1.15555555556
1.16388888889
1.11666666667
1.125
1.13333333333
1.14166666667
1.14722222222
1.10277777778
1.11111111111
1.11666666667
1.125
1.13333333333
1.08888888889
1.09444444444
1.10277777778
1.11111111111
1.11944444444
1.075
1.08333333333
1.08888888889
1.09722222222
1.10555555556
1.06111111111
1.06944444444
1.075
1.08333333333
1.09166666667
1.04722222222
1.05555555556
1.06111111111
1.06944444444
1.07777777778
1.03333333333
1.04166666667
1.05
1.05555555556
1.06388888889
1.02222222222
1.02777777778
1.03611111111
1.04444444444
1.05
1.00833333333
1.01666666667
1.02222222222
1.03055555556
1.03611111111
0.994444444444
1.00277777778
1.01111111111
1.01666666667
1.025
0.983333333333
0.988888888889
0.997222222222
1.00555555556
1.01111111111
0.972222222222
0.977777777778
0.986111111111
0.991666666667
 1.0
0.958333333333
0.966666666667
0.972222222222
0.980555555556
0.986111111111
0.947222222222
0.952777777778
0.961111111111
0.966666666667
0.975
0.936111111111
0.941666666667
0.947222222222
0.955555555556
0.961111111111
0.925
0.930555555556
0.936111111111
0.944444444444
0.95
0.911111111111
0.919444444444
0.925
0.930555555556
0.938888888889
 0.9
0.908333333333
0.913888888889
0.919444444444
0.927777777778
0.888888888889
0.897222222222
0.902777777778
0.908333333333
0.913888888889
0.877777777778
0.886111111111
0.891666666667
0.897222222222
0.902777777778
0.869444444444
0.875
0.880555555556
0.886111111111
0.891666666667
0.858333333333
0.863888888889
0.869444444444
0.875
0.880555555556
0.847222222222
0.852777777778
0.858333333333
0.863888888889
0.872222222222
0.836111111111
0.841666666667
0.847222222222
0.855555555556
0.861111111111
0.827777777778
0.833333333333
0.838888888889
0.844444444444
0.85
0.816666666667
0.822222222222
0.827777777778
0.833333333333
0.838888888889
0.805555555556
0.811111111111
0.816666666667
0.822222222222
0.830555555556
0.797222222222
0.802777777778
0.808333333333
0.813888888889
0.819444444444
0.786111111111
0.791666666667
0.797222222222
0.802777777778
0.808333333333
0.777777777778
0.783333333333
0.788888888889
0.794444444444
 0.8
0.769444444444
0.772222222222
0.777777777778
0.783333333333
0.788888888889
0.758333333333
0.763888888889
0.769444444444
0.775
0.780555555556
0.75
0.755555555556
0.761111111111
0.766666666667
0.772222222222
0.741666666667
0.747222222222
0.75
0.755555555556
0.761111111111
0.733333333333
0.736111111111
0.741666666667
0.747222222222
0.752777777778
0.722222222222
0.727777777778
0.733333333333
0.738888888889
0.744444444444
0.713888888889
0.719444444444
0.725
0.730555555556
0.733333333333
0.705555555556
0.711111111111
0.716666666667
0.722222222222
0.725
0.697222222222
0.702777777778
0.708333333333
0.711111111111
0.716666666667
0.688888888889
0.694444444444
 0.7
0.702777777778
0.708333333333
0.680555555556
0.686111111111
0.691666666667
0.694444444444
 0.7
0.672222222222
0.677777777778
0.683333333333
0.686111111111
0.691666666667
0.666666666667
0.669444444444
0.675
0.677777777778
0.683333333333
0.658333333333
0.661111111111
0.666666666667
0.672222222222
0.675
0.65
0.655555555556
0.658333333333
0.663888888889
0.666666666667
0.641666666667
0.647222222222
0.65
0.655555555556
0.661111111111
0.633333333333
0.638888888889
0.644444444444
0.647222222222
0.652777777778
0.627777777778
0.630555555556
0.636111111111
0.638888888889
0.644444444444
0.619444444444
0.625
0.627777777778
0.633333333333
0.636111111111
0.613888888889
0.616666666667
0.622222222222
0.625
0.630555555556
0.605555555556
0.608333333333
0.613888888889
0.616666666667
0.622222222222
0.597222222222
0.602777777778
0.605555555556
0.611111111111
0.613888888889
0.591666666667
0.594444444444
 0.6
0.602777777778
0.608333333333
0.583333333333
0.588888888889
0.591666666667
0.597222222222
 0.6
0.577777777778
0.580555555556
0.586111111111
0.588888888889
0.594444444444
0.572222222222
0.575
0.577777777778
0.583333333333
0.586111111111
0.563888888889
0.569444444444
0.572222222222
0.575
0.580555555556
0.558333333333
0.561111111111
0.566666666667
0.569444444444
0.572222222222
0.552777777778
0.555555555556
0.558333333333
0.563888888889
0.566666666667
0.544444444444
0.55
0.552777777778
0.555555555556
0.561111111111
0.538888888889
0.541666666667
0.547222222222
0.55
0.552777777778
0.533333333333
0.536111111111
0.538888888889
0.544444444444
0.547222222222
0.527777777778
0.530555555556
0.533333333333
0.538888888889
0.541666666667
0.522222222222
0.525
0.527777777778
0.530555555556
0.536111111111
0.513888888889
0.519444444444
0.522222222222
0.525
0.527777777778
0.508333333333
0.513888888889
0.516666666667
0.519444444444
0.522222222222
0.502777777778
0.505555555556
0.511111111111
0.513888888889
0.516666666667
0.497222222222
 0.5
0.505555555556
0.508333333333
0.511111111111
0.491666666667
0.494444444444
 0.5
0.502777777778
0.505555555556
0.486111111111
0.488888888889
0.494444444444
0.497222222222
 0.5
0.480555555556
0.483333333333
0.488888888889
0.491666666667
0.494444444444
0.475
0.477777777778
0.483333333333
0.486111111111
0.488888888889
0.469444444444
0.472222222222
0.477777777778
0.480555555556
0.483333333333
0.463888888889
0.469444444444
0.472222222222
0.475
0.477777777778
0.461111111111
0.463888888889
0.466666666667
0.469444444444
0.472222222222
0.455555555556
0.458333333333
0.461111111111
0.463888888889
0.466666666667
0.45
0.452777777778
0.455555555556
0.458333333333
0.461111111111
0.444444444444
0.447222222222
0.45
0.452777777778
0.455555555556
0.438888888889
0.441666666667
0.444444444444
0.45
0.452777777778
0.436111111111
0.438888888889
0.441666666667
0.444444444444
0.447222222222
0.430555555556
0.433333333333
0.436111111111
0.438888888889
0.441666666667
0.425
0.427777777778
0.430555555556
0.433333333333
0.436111111111
0.419444444444
0.422222222222
0.425
0.430555555556
0.433333333333
0.416666666667
0.419444444444
0.422222222222
0.425
0.427777777778
0.411111111111
0.413888888889
0.416666666667
0.419444444444
0.422222222222
0.408333333333
0.411111111111
0.411111111111
0.413888888889
0.416666666667
0.402777777778
0.405555555556
0.408333333333
0.411111111111
0.413888888889
0.397222222222
 0.4
0.402777777778
0.405555555556
0.408333333333
0.394444444444
0.397222222222
 0.4
0.402777777778
0.405555555556
0.388888888889
0.391666666667
0.394444444444
0.397222222222
 0.4
0.386111111111
0.388888888889
0.391666666667
0.391666666667
0.394444444444
0.380555555556
0.383333333333
0.386111111111
0.388888888889
0.391666666667
0.377777777778
0.380555555556
0.383333333333
0.383333333333
0.386111111111
0.372222222222
0.375
0.377777777778
0.380555555556
0.383333333333
0.369444444444
0.372222222222
0.375
0.375
0.377777777778
0.363888888889
0.366666666667
0.369444444444
0.372222222222
0.375
