14.8638888889
15.1055555556
15.35
15.6
15.8527777778
14.6166666667
14.8555555556
15.0944444444
15.3416666667
15.5888888889
14.375
14.6083333333
14.8444444444
15.0861111111
15.3305555556
14.1388888889
14.3666666667
14.6
14.8361111111
15.075
13.9055555556
14.1305555556
14.3583333333
14.5916666667
14.8277777778
13.6777777778
13.8972222222
14.1222222222
14.35
14.5805555556
13.4527777778
13.6694444444
13.8888888889
14.1138888889
14.3416666667
13.2333333333
13.4444444444
13.6611111111
13.8833333333
14.1055555556
13.0166666667
13.225
13.4388888889
13.6555555556
13.875
12.8027777778
13.0083333333
13.2194444444
13.4305555556
13.6472222222
12.5944444444
12.7972222222
13.0027777778
13.2111111111
13.425
12.3888888889
12.5888888889
12.7916666667
12.9972222222
13.2055555556
12.1888888889
12.3833333333
12.5833333333
12.7833333333
12.9888888889
11.9916666667
12.1833333333
12.3777777778
12.5777777778
12.7777777778
11.7972222222
11.9861111111
12.1777777778
12.3722222222
12.5722222222
11.6083333333
11.7944444444
11.9805555556
12.1722222222
12.3666666667
11.4222222222
11.6027777778
11.7888888889
11.9777777778
12.1666666667
11.2388888889
11.4166666667
11.6
11.7833333333
11.9722222222
11.0583333333
11.2333333333
11.4111111111
11.5944444444
11.7777777778
10.8805555556
11.0527777778
11.2305555556
11.4083333333
11.5888888889
10.7055555556
10.8777777778
11.05
11.225
11.4027777778
10.5361111111
10.7027777778
10.8722222222
11.0472222222
11.2222222222
10.3694444444
10.5333333333
10.7
10.8694444444
11.0416666667
10.2027777778
10.3666666667
10.5305555556
10.6972222222
10.8666666667
10.0416666667
10.2
10.3638888889
10.5277777778
10.6944444444
9.88333333333
10.0388888889
10.1972222222
10.3611111111
10.525
9.72777777778
9.88055555556
10.0361111111
10.1944444444
10.3583333333
9.575
9.725
9.87777777778
10.0333333333
10.1944444444
9.42222222222
9.57222222222
9.72222222222
9.87777777778
10.0333333333
9.275
9.42222222222
9.56944444444
9.72222222222
9.875
9.13055555556
9.275
9.41944444444
9.56944444444
9.71944444444
8.98888888889
9.12777777778
9.27222222222
9.41944444444
9.56666666667
8.84722222222
8.98611111111
9.12777777778
9.27222222222
9.41666666667
8.70833333333
8.84722222222
8.98611111111
9.125
9.26944444444
8.575
8.70833333333
8.84444444444
8.98333333333
9.125
8.44166666667
8.57222222222
8.70833333333
8.84444444444
8.98333333333
8.31111111111
8.44166666667
8.57222222222
8.70555555556
8.84166666667
8.18333333333
8.31111111111
8.43888888889
8.57222222222
8.70555555556
8.05555555556
8.18055555556
8.30833333333
8.43888888889
8.57222222222
7.93055555556
8.05555555556
8.18055555556
8.30833333333
8.43888888889
7.81111111111
7.93055555556
8.05555555556
8.18055555556
8.30833333333
7.68888888889
7.81111111111
7.93055555556
8.05555555556
8.18055555556
7.57222222222
7.68888888889
7.81111111111
7.93055555556
8.05555555556
7.45555555556
7.57222222222
7.69166666667
7.81111111111
7.93055555556
7.34166666667
7.45833333333
7.57222222222
7.69166666667
7.81111111111
7.23055555556
7.34444444444
7.45833333333
7.57222222222
7.69166666667
7.12222222222
7.23055555556
7.34444444444
7.45833333333
7.57222222222
7.01388888889
7.12222222222
7.23333333333
7.34444444444
7.45833333333
6.90833333333
7.01388888889
7.12222222222
7.23333333333
7.34444444444
6.80277777778
6.90833333333
7.01388888889
7.12222222222
7.23333333333
 6.7
6.80277777778
6.90833333333
7.01666666667
7.125
 6.6
 6.7
6.80555555556
6.90833333333
7.01666666667
 6.5
 6.6
6.70277777778
6.80555555556
6.91111111111
6.40277777778
6.50277777778
6.60277777778
6.70277777778
6.80555555556
6.30833333333
6.40555555556
6.50277777778
6.60277777778
6.70555555556
6.21388888889
6.30833333333
6.40555555556
6.50277777778
6.60277777778
6.11944444444
6.21388888889
6.31111111111
6.40555555556
6.50555555556
6.03055555556
6.12222222222
6.21666666667
6.31111111111
6.40833333333
5.93888888889
6.03055555556
6.12222222222
6.21666666667
6.31111111111
5.85277777778
5.94166666667
6.03333333333
6.125
6.21944444444
5.76388888889
5.85277777778
5.94166666667
6.03333333333
6.125
5.68055555556
5.76666666667
5.85555555556
5.94444444444
6.03611111111
5.59722222222
5.68055555556
5.76944444444
5.85555555556
5.94722222222
5.51388888889
5.59722222222
5.68333333333
5.76944444444
5.85833333333
5.43333333333
5.51666666667
 5.6
5.68611111111
5.77222222222
5.35277777778
5.43611111111
5.51666666667
5.60277777778
5.68611111111
5.275
5.35555555556
5.43611111111
5.51944444444
5.60277777778
5.19722222222
5.27777777778
5.35833333333
5.43888888889
5.52222222222
5.12222222222
 5.2
5.27777777778
5.35833333333
5.44166666667
5.04722222222
5.125
5.20277777778
5.28055555556
5.36111111111
4.975
5.05
5.125
5.20277777778
5.28333333333
4.90277777778
4.97777777778
5.05277777778
5.12777777778
5.20555555556
4.83055555556
4.90555555556
4.97777777778
5.05277777778
5.13055555556
4.76111111111
4.83333333333
4.90555555556
4.98055555556
5.05555555556
4.69444444444
4.76388888889
4.83611111111
4.90833333333
4.98333333333
4.625
4.69444444444
4.76666666667
4.83888888889
4.91111111111
4.55833333333
4.62777777778
4.69722222222
4.76944444444
4.83888888889
4.49444444444
4.56111111111
4.63055555556
 4.7
4.76944444444
4.43055555556
4.49722222222
4.56388888889
4.63333333333
4.70277777778
4.36666666667
4.43055555556
4.49722222222
4.56666666667
4.63333333333
4.30277777778
4.36944444444
4.43333333333
 4.5
4.56944444444
4.24166666667
4.30555555556
4.37222222222
4.43611111111
4.50277777778
4.18333333333
4.24444444444
4.30833333333
4.37222222222
4.43888888889
4.12222222222
4.18611111111
4.24722222222
4.31111111111
4.375
4.06388888889
4.125
4.18611111111
4.25
4.31388888889
4.00833333333
4.06666666667
4.12777777778
4.18888888889
4.25277777778
3.95
4.01111111111
4.06944444444
4.13055555556
4.19166666667
3.89444444444
3.95277777778
4.01111111111
4.07222222222
4.13333333333
3.84166666667
3.89722222222
3.95555555556
4.01388888889
4.075
3.78611111111
3.84444444444
 3.9
3.95833333333
4.01666666667
3.73333333333
3.78888888889
3.84444444444
3.90277777778
3.96111111111
3.68055555556
3.73611111111
3.79166666667
3.84722222222
3.90555555556
3.63055555556
3.68333333333
3.73888888889
3.79444444444
3.85
3.58055555556
3.63333333333
3.68611111111
3.74166666667
3.79722222222
3.53055555556
3.58333333333
3.63611111111
3.68888888889
3.74444444444
3.48055555556
3.53333333333
3.58611111111
3.63888888889
3.69166666667
3.43333333333
3.48333333333
3.53611111111
3.58888888889
3.64166666667
3.38611111111
3.43611111111
3.48611111111
3.53888888889
3.58888888889
3.33888888889
3.38888888889
3.43888888889
3.48888888889
3.54166666667
3.29166666667
3.34166666667
3.39166666667
3.44166666667
3.49166666667
3.24722222222
3.29444444444
3.34444444444
3.39444444444
3.44444444444
3.20277777778
3.25
3.29722222222
3.34722222222
3.39722222222
3.15833333333
3.20555555556
3.25277777778
 3.3
3.35
3.11666666667
3.16111111111
3.20833333333
3.25555555556
3.30277777778
3.07222222222
3.11944444444
3.16388888889
3.21111111111
3.25833333333
3.03055555556
3.075
3.12222222222
3.16666666667
3.21388888889
2.99166666667
3.03333333333
3.07777777778
3.125
3.16944444444
2.95
2.99444444444
3.03611111111
3.08055555556
3.12777777778
2.91111111111
2.95277777778
2.99444444444
3.03888888889
3.08333333333
2.86944444444
2.91388888889
2.95555555556
2.99722222222
3.04166666667
2.83055555556
2.87222222222
2.91388888889
2.95833333333
 3.0
2.79444444444
2.83333333333
2.875
2.91666666667
2.96111111111
2.75555555556
2.79722222222
2.83611111111
2.87777777778
2.91944444444
2.71944444444
2.75833333333
 2.8
2.83888888889
2.88055555556
2.68333333333
2.72222222222
2.76111111111
2.80277777778
2.84166666667
2.64722222222
2.68611111111
2.725
2.76388888889
2.80277777778
2.61111111111
2.65
2.68888888889
2.72777777778
2.76666666667
2.57777777778
2.61388888889
2.65277777778
2.69166666667
2.73055555556
2.54166666667
2.58055555556
2.61666666667
2.65555555556
2.69166666667
2.50833333333
2.54444444444
2.58055555556
2.61944444444
2.65833333333
2.475
2.51111111111
2.54722222222
2.58333333333
2.62222222222
2.44166666667
2.47777777778
2.51388888889
2.55
2.58611111111
2.41111111111
2.44444444444
2.48055555556
2.51666666667
2.55277777778
2.37777777778
2.41388888889
2.44722222222
2.48333333333
2.51944444444
2.34722222222
2.38055555556
2.41666666667
2.45
2.48611111111
2.31666666667
2.35
2.38333333333
2.41666666667
2.45277777778
2.28611111111
2.31944444444
2.35277777778
2.38611111111
2.41944444444
2.25555555556
2.28888888889
2.32222222222
2.35555555556
2.38888888889
2.22777777778
2.25833333333
2.29166666667
2.325
2.35833333333
2.19722222222
2.22777777778
2.26111111111
2.29444444444
2.32777777778
2.16944444444
 2.2
2.23055555556
2.26388888889
2.29722222222
2.14166666667
2.17222222222
2.20277777778
2.23333333333
2.26666666667
2.11388888889
2.14444444444
2.175
2.20555555556
2.23611111111
2.08611111111
2.11666666667
2.14444444444
2.175
2.20833333333
2.05833333333
2.08888888889
2.11666666667
2.14722222222
2.17777777778
2.03333333333
2.06111111111
2.09166666667
2.11944444444
2.15
2.00555555556
2.03333333333
2.06388888889
2.09166666667
2.12222222222
1.98055555556
2.00833333333
2.03611111111
2.06666666667
2.09444444444
1.95555555556
1.98333333333
2.01111111111
2.03888888889
2.06944444444
1.93055555556
1.95833333333
1.98611111111
2.01388888889
2.04166666667
1.90555555556
1.93333333333
1.95833333333
1.98611111111
2.01666666667
1.88055555556
1.90833333333
1.93333333333
1.96111111111
1.98888888889
1.85555555556
1.88333333333
1.90833333333
1.93611111111
1.96388888889
1.83333333333
1.85833333333
1.88611111111
1.91111111111
1.93888888889
1.80833333333
1.83611111111
1.86111111111
1.88888888889
1.91388888889
1.78611111111
1.81111111111
1.83888888889
1.86388888889
1.88888888889
1.76388888889
1.78888888889
1.81388888889
1.83888888889
1.86666666667
1.74166666667
1.76666666667
1.79166666667
1.81666666667
1.84166666667
1.71944444444
1.74444444444
1.76944444444
1.79444444444
1.81944444444
1.69722222222
1.72222222222
1.74722222222
1.77222222222
1.79722222222
1.67777777778
 1.7
1.725
1.75
1.77222222222
1.65555555556
1.67777777778
1.70277777778
1.72777777778
1.75
1.63611111111
1.65833333333
1.68055555556
1.70555555556
1.72777777778
1.61388888889
1.63611111111
1.66111111111
1.68333333333
1.70833333333
1.59444444444
1.61666666667
1.63888888889
1.66111111111
1.68611111111
1.575
1.59722222222
1.61944444444
1.64166666667
1.66388888889
1.55555555556
1.57777777778
 1.6
1.62222222222
1.64444444444
1.53611111111
1.55833333333
1.57777777778
 1.6
1.62222222222
1.51666666667
1.53888888889
1.55833333333
1.58055555556
1.60277777778
1.49722222222
1.51944444444
1.53888888889
1.56111111111
1.58333333333
1.48055555556
 1.5
1.52222222222
1.54166666667
1.56388888889
1.46111111111
1.48055555556
1.50277777778
1.52222222222
1.54444444444
1.44166666667
1.46388888889
1.48333333333
1.50555555556
1.525
1.425
1.44444444444
1.46388888889
1.48611111111
1.50555555556
1.40833333333
1.42777777778
1.44722222222
1.46666666667
1.48888888889
1.39166666667
1.41111111111
1.43055555556
1.45
1.46944444444
1.37222222222
1.39166666667
1.41111111111
1.43055555556
1.45277777778
1.35555555556
1.375
1.39444444444
1.41388888889
1.43333333333
1.33888888889
1.35833333333
1.37777777778
1.39722222222
1.41666666667
1.325
1.34166666667
1.36111111111
1.38055555556
 1.4
1.30833333333
1.325
1.34444444444
1.36388888889
1.38055555556
1.29166666667
1.31111111111
1.32777777778
1.34722222222
1.36388888889
1.275
1.29444444444
1.31111111111
1.33055555556
1.34722222222
1.26111111111
1.27777777778
1.29722222222
1.31388888889
1.33333333333
1.24444444444
1.26388888889
1.28055555556
1.29722222222
1.31666666667
1.23055555556
1.24722222222
1.26388888889
1.28333333333
 1.3
1.21666666667
1.23333333333
1.25
1.26666666667
1.28333333333
 1.2
1.21666666667
1.23333333333
1.25277777778
1.26944444444
1.18611111111
1.20277777778
1.21944444444
1.23611111111
1.25277777778
1.17222222222
1.18888888889
1.20555555556
1.22222222222
1.23888888889
1.15833333333
1.175
1.19166666667
1.20833333333
1.22222222222
1.14444444444
1.16111111111
1.17777777778
1.19166666667
1.20833333333
1.13055555556
1.14722222222
1.16111111111
1.17777777778
1.19444444444
1.11666666667
1.13333333333
1.15
1.16388888889
1.18055555556
1.10555555556
1.11944444444
1.13611111111
1.15
1.16666666667
1.09166666667
1.10555555556
1.12222222222
1.13611111111
1.15277777778
1.07777777778
1.09444444444
1.10833333333
1.12222222222
1.13888888889
1.06666666667
1.08055555556
1.09444444444
1.11111111111
1.125
1.05277777778
1.06666666667
1.08333333333
1.09722222222
1.11111111111
1.04166666667
1.05555555556
1.06944444444
1.08333333333
 1.1
1.02777777778
1.04166666667
1.05555555556
1.07222222222
1.08611111111
1.01666666667
1.03055555556
1.04444444444
1.05833333333
1.07222222222
1.00555555556
1.01944444444
1.03333333333
1.04722222222
1.06111111111
0.991666666667
1.00555555556
1.01944444444
1.03333333333
1.04722222222
0.980555555556
0.994444444444
1.00833333333
1.02222222222
1.03611111111
0.969444444444
0.983333333333
0.997222222222
1.01111111111
1.025
0.958333333333
0.972222222222
0.986111111111
0.997222222222
1.01111111111
0.947222222222
0.961111111111
0.972222222222
0.986111111111
 1.0
0.936111111111
0.95
0.961111111111
0.975
0.988888888889
0.925
0.938888888889
0.95
0.963888888889
0.977777777778
