12.3361111111
12.5194444444
12.7027777778
12.8916666667
13.0833333333
12.1333333333
12.3138888889
12.4944444444
12.6805555556
12.8694444444
11.9333333333
12.1111111111
12.2916666667
12.4722222222
12.6555555556
11.7388888889
11.9138888889
12.0888888889
12.2666666667
12.45
11.5472222222
11.7194444444
11.8916666667
12.0666666667
12.2444444444
11.3611111111
11.5277777778
11.6972222222
11.8694444444
12.0472222222
11.175
11.3416666667
11.5083333333
11.6777777778
11.85
10.9944444444
11.1555555556
11.3222222222
11.4888888889
11.6583333333
10.8166666667
10.975
11.1388888889
11.3027777778
11.4666666667
10.6416666667
10.8
10.9583333333
11.1194444444
11.2833333333
10.4722222222
10.625
10.7805555556
10.9388888889
11.1
10.3027777778
10.4527777778
10.6083333333
10.7638888889
10.9194444444
10.1388888889
10.2861111111
10.4361111111
10.5888888889
10.7444444444
9.975
10.1222222222
10.2694444444
10.4194444444
10.5722222222
9.81666666667
9.95833333333
10.1055555556
10.2527777778
10.4027777778
9.65833333333
 9.8
9.94444444444
10.0888888889
10.2361111111
9.50555555556
9.64444444444
9.78611111111
9.92777777778
10.0722222222
9.35555555556
9.49166666667
9.63055555556
9.76944444444
9.91111111111
9.20555555556
9.34166666667
9.47777777778
9.61388888889
9.75555555556
9.06111111111
9.19166666667
9.325
9.46111111111
 9.6
8.91666666667
9.04722222222
9.17777777778
9.31111111111
9.44722222222
8.77777777778
8.90555555556
9.03333333333
9.16388888889
9.29722222222
8.63888888889
8.76388888889
8.89166666667
9.01944444444
9.15
8.50277777778
8.62777777778
8.75277777778
8.87777777778
9.00833333333
8.36944444444
8.49166666667
8.61388888889
8.73888888889
8.86666666667
8.23888888889
8.35833333333
8.47777777778
8.60277777778
8.725
8.11111111111
8.22777777778
8.34722222222
8.46666666667
8.58888888889
7.98333333333
 8.1
8.21666666667
8.33611111111
8.45555555556
7.86111111111
7.97222222222
8.08888888889
8.20555555556
8.32222222222
7.73888888889
7.85
7.96388888889
8.07777777778
8.19444444444
7.61944444444
7.72777777778
7.83888888889
7.95277777778
8.06666666667
 7.5
7.60833333333
7.71666666667
7.82777777778
7.94166666667
7.38333333333
7.49166666667
7.59722222222
7.70833333333
7.81944444444
7.27222222222
7.375
7.48055555556
7.58888888889
7.69722222222
7.15833333333
7.26111111111
7.36666666667
7.47222222222
7.57777777778
7.05
7.15
7.25277777778
7.35555555556
7.46111111111
6.94166666667
7.04166666667
7.14166666667
7.24444444444
7.34722222222
6.83611111111
6.93333333333
7.03333333333
7.13333333333
7.23333333333
6.73055555556
6.82777777778
6.925
7.02222222222
7.125
6.62777777778
6.72222222222
6.81944444444
6.91666666667
7.01388888889
6.52777777778
6.61944444444
6.71388888889
6.81111111111
6.90833333333
6.42777777778
6.51944444444
6.61388888889
6.70833333333
6.80277777778
6.33055555556
6.42222222222
6.51388888889
6.60555555556
 6.7
6.23611111111
6.325
6.41388888889
6.50555555556
6.59722222222
6.14166666667
6.22777777778
6.31666666667
6.40833333333
6.49722222222
6.05
6.13611111111
6.22222222222
6.31111111111
 6.4
5.95833333333
6.04166666667
6.12777777778
6.21666666667
6.30277777778
5.86944444444
5.95277777778
6.03611111111
6.12222222222
6.20833333333
5.78055555556
5.86388888889
5.94722222222
6.03055555556
6.11666666667
5.69444444444
5.775
5.85833333333
5.93888888889
6.025
5.61111111111
5.68888888889
5.76944444444
5.85
5.93333333333
5.52777777778
5.60555555556
5.68333333333
5.76388888889
5.84444444444
5.44444444444
5.52222222222
 5.6
5.67777777778
5.75833333333
5.36388888889
5.43888888889
5.51666666667
5.59444444444
5.67222222222
5.28333333333
5.35833333333
5.43333333333
5.51111111111
5.58888888889
5.20555555556
5.28055555556
5.35277777778
5.42777777778
5.50555555556
5.13055555556
5.20277777778
5.275
5.35
5.425
5.05277777778
5.125
5.19722222222
5.26944444444
5.34444444444
4.98055555556
5.05
5.11944444444
5.19166666667
5.26388888889
4.90833333333
4.975
5.04444444444
5.11666666667
5.18611111111
4.83611111111
4.90277777778
4.97222222222
5.04166666667
5.11111111111
4.76388888889
4.83055555556
4.89722222222
4.96666666667
5.03611111111
4.69444444444
4.76111111111
4.82777777778
4.89444444444
4.96388888889
4.62777777778
4.69166666667
4.75555555556
4.82222222222
4.88888888889
4.55833333333
4.62222222222
4.68888888889
4.75277777778
4.81944444444
4.49444444444
4.55555555556
4.61944444444
4.68333333333
4.75
4.42777777778
4.48888888889
4.55277777778
4.61666666667
4.68055555556
4.36388888889
4.425
4.48611111111
4.55
4.61111111111
4.30277777778
4.36111111111
4.42222222222
4.48333333333
4.54444444444
4.23888888889
4.29722222222
4.35833333333
4.41944444444
4.48055555556
4.17777777778
4.23611111111
4.29444444444
4.35555555556
4.41388888889
4.11944444444
4.175
4.23333333333
4.29166666667
4.35277777778
4.06111111111
4.11666666667
4.17222222222
4.23055555556
4.28888888889
4.00277777778
4.05833333333
4.11388888889
4.16944444444
4.22777777778
3.94444444444
 4.0
4.05555555556
4.11111111111
4.16666666667
3.88888888889
3.94166666667
3.99722222222
4.05277777778
4.10833333333
3.83333333333
3.88611111111
3.93888888889
3.99444444444
4.05
3.78055555556
3.83055555556
3.88333333333
3.93888888889
3.99166666667
3.725
3.77777777778
3.82777777778
3.88055555556
3.93611111111
3.67222222222
3.725
3.775
3.82777777778
3.88055555556
3.62222222222
3.67222222222
3.72222222222
3.77222222222
3.825
3.56944444444
3.61944444444
3.66944444444
3.71944444444
3.76944444444
3.51944444444
3.56944444444
3.61666666667
3.66666666667
3.71666666667
3.47222222222
3.51944444444
3.56666666667
3.61666666667
3.66388888889
3.42222222222
3.46944444444
3.51666666667
3.56388888889
3.61388888889
3.375
3.41944444444
3.46666666667
3.51388888889
3.56388888889
3.32777777778
3.37222222222
3.41944444444
3.46666666667
3.51388888889
3.28055555556
3.325
3.37222222222
3.41666666667
3.46388888889
3.23611111111
3.28055555556
3.325
3.36944444444
3.41666666667
3.19166666667
3.23333333333
3.27777777778
3.32222222222
3.36944444444
3.14722222222
3.18888888889
3.23333333333
3.27777777778
3.32222222222
3.10277777778
3.14444444444
3.18888888889
3.23055555556
3.275
3.06111111111
3.10277777778
3.14444444444
3.18611111111
3.23055555556
3.01944444444
3.05833333333
 3.1
3.14166666667
3.18611111111
2.97777777778
3.01666666667
3.05833333333
 3.1
3.14166666667
2.93611111111
2.975
3.01666666667
3.05555555556
3.09722222222
2.89722222222
2.93611111111
2.975
3.01388888889
3.05555555556
2.85555555556
2.89444444444
2.93333333333
2.975
3.01388888889
2.81666666667
2.85555555556
2.89444444444
2.93333333333
2.97222222222
2.77777777778
2.81666666667
2.85555555556
2.89166666667
2.93333333333
2.74166666667
2.77777777778
2.81666666667
2.85277777778
2.89166666667
2.70277777778
2.74166666667
2.77777777778
2.81388888889
2.85277777778
2.66666666667
2.70277777778
2.73888888889
2.77777777778
2.81388888889
2.63055555556
2.66666666667
2.70277777778
2.73888888889
2.775
2.59722222222
2.63055555556
2.66666666667
2.70277777778
2.73888888889
2.56111111111
2.59444444444
2.63055555556
2.66666666667
 2.7
2.52777777778
2.56111111111
2.59444444444
2.63055555556
2.66388888889
2.49166666667
2.525
2.56111111111
2.59444444444
2.62777777778
2.45833333333
2.49166666667
2.525
2.55833333333
2.59444444444
2.42777777778
2.45833333333
2.49166666667
2.525
2.55833333333
2.39444444444
2.425
2.45833333333
2.49166666667
2.525
2.36111111111
2.39444444444
2.425
2.45833333333
2.49166666667
2.33055555556
2.36111111111
2.39444444444
2.425
2.45833333333
 2.3
2.33055555556
2.36111111111
2.39166666667
2.425
2.26944444444
 2.3
2.33055555556
2.36111111111
2.39166666667
2.23888888889
2.26944444444
 2.3
2.33055555556
2.36111111111
2.21111111111
2.23888888889
2.26944444444
 2.3
2.33055555556
2.18055555556
2.20833333333
2.23888888889
2.26944444444
2.29722222222
2.15277777778
2.18055555556
2.20833333333
2.23888888889
2.26944444444
2.125
2.15277777778
2.18055555556
2.20833333333
2.23888888889
2.09722222222
2.12222222222
2.15277777778
2.18055555556
2.20833333333
2.06944444444
2.09444444444
2.12222222222
2.15277777778
2.18055555556
2.04166666667
2.06944444444
2.09444444444
2.12222222222
2.15
2.01388888889
2.04166666667
2.06944444444
2.09444444444
2.12222222222
1.98888888889
2.01388888889
2.04166666667
2.06944444444
2.09444444444
1.96388888889
1.98888888889
2.01388888889
2.04166666667
2.06944444444
1.93611111111
1.96388888889
1.98888888889
2.01388888889
2.04166666667
1.91111111111
1.93611111111
1.96388888889
1.98888888889
2.01388888889
1.88611111111
1.91111111111
1.93611111111
1.96388888889
1.98888888889
1.86388888889
1.88888888889
1.91111111111
1.93611111111
1.96388888889
1.83888888889
1.86388888889
1.88888888889
1.91111111111
1.93611111111
1.81666666667
1.83888888889
1.86388888889
1.88888888889
1.91111111111
1.79166666667
1.81666666667
1.83888888889
1.86388888889
1.88888888889
1.76944444444
1.79166666667
1.81666666667
1.83888888889
1.86388888889
1.74722222222
1.76944444444
1.79166666667
1.81666666667
1.83888888889
1.725
1.74722222222
1.76944444444
1.79166666667
1.81666666667
1.70277777778
1.725
1.74722222222
1.76944444444
1.79166666667
1.68055555556
1.70277777778
1.725
1.74722222222
1.76944444444
1.65833333333
1.68055555556
1.70277777778
1.725
1.74722222222
1.63888888889
1.65833333333
1.68055555556
1.70277777778
1.725
1.61666666667
1.63888888889
1.66111111111
1.68055555556
1.70277777778
1.59722222222
1.61666666667
1.63888888889
1.66111111111
1.68055555556
1.57777777778
1.59722222222
1.61944444444
1.63888888889
1.66111111111
1.55833333333
1.57777777778
1.59722222222
1.61944444444
1.63888888889
1.53888888889
1.55833333333
1.57777777778
1.59722222222
1.61944444444
1.51944444444
1.53888888889
1.55833333333
1.57777777778
1.59722222222
 1.5
1.51944444444
1.53888888889
1.55833333333
1.57777777778
1.48055555556
 1.5
1.51944444444
1.53888888889
1.55833333333
1.46111111111
1.48055555556
 1.5
1.51944444444
1.53888888889
1.44444444444
1.46388888889
1.48055555556
 1.5
1.51944444444
1.425
1.44444444444
1.46388888889
1.48055555556
 1.5
1.40833333333
1.425
1.44444444444
1.46388888889
1.48333333333
1.39166666667
1.40833333333
1.42777777778
1.44444444444
1.46388888889
1.375
1.39166666667
1.40833333333
1.42777777778
1.44444444444
1.35555555556
1.375
1.39166666667
1.40833333333
1.42777777778
1.33888888889
1.35833333333
1.375
1.39166666667
1.41111111111
1.32222222222
1.34166666667
1.35833333333
1.375
1.39166666667
1.30833333333
1.325
1.34166666667
1.35833333333
1.375
1.29166666667
1.30833333333
1.325
1.34166666667
1.35833333333
1.275
1.29166666667
1.30833333333
1.325
1.34166666667
1.26111111111
1.275
1.29166666667
1.30833333333
1.325
1.24444444444
1.26111111111
1.275
1.29166666667
1.30833333333
1.23055555556
1.24444444444
1.26111111111
1.27777777778
1.29444444444
1.21388888889
1.23055555556
1.24444444444
1.26111111111
1.27777777778
 1.2
1.21388888889
1.23055555556
1.24722222222
1.26111111111
1.18611111111
 1.2
1.21666666667
1.23055555556
1.24722222222
1.16944444444
1.18611111111
 1.2
1.21666666667
1.23055555556
1.15555555556
1.17222222222
1.18611111111
 1.2
1.21666666667
1.14166666667
1.15833333333
1.17222222222
1.18611111111
1.20277777778
1.12777777778
1.14444444444
1.15833333333
1.17222222222
1.18611111111
1.11666666667
1.13055555556
1.14444444444
1.15833333333
1.17222222222
1.10277777778
1.11666666667
1.13055555556
1.14444444444
1.15833333333
1.08888888889
1.10277777778
1.11666666667
1.13055555556
1.14444444444
1.075
1.08888888889
1.10277777778
1.11666666667
1.13055555556
1.06388888889
1.075
1.08888888889
1.10277777778
1.11666666667
1.05
1.06388888889
1.07777777778
1.09166666667
1.10555555556
1.03888888889
1.05
1.06388888889
1.07777777778
1.09166666667
1.025
1.03888888889
1.05277777778
1.06388888889
1.07777777778
1.01388888889
1.025
1.03888888889
1.05277777778
1.06388888889
 1.0
1.01388888889
1.02777777778
1.03888888889
1.05277777778
0.988888888889
1.00277777778
1.01388888889
1.02777777778
1.03888888889
0.977777777778
0.988888888889
1.00277777778
1.01388888889
1.02777777778
0.966666666667
0.977777777778
0.991666666667
1.00277777778
1.01666666667
0.955555555556
0.966666666667
0.977777777778
0.991666666667
1.00277777778
0.944444444444
0.955555555556
0.966666666667
0.980555555556
0.991666666667
0.933333333333
0.944444444444
0.955555555556
0.969444444444
0.980555555556
0.922222222222
0.933333333333
0.944444444444
0.955555555556
0.969444444444
0.911111111111
0.922222222222
0.933333333333
0.944444444444
0.958333333333
 0.9
0.911111111111
0.922222222222
0.933333333333
0.947222222222
0.888888888889
 0.9
0.911111111111
0.925
0.936111111111
0.880555555556
0.891666666667
0.902777777778
0.913888888889
0.925
0.869444444444
0.880555555556
0.891666666667
0.902777777778
0.913888888889
0.858333333333
0.869444444444
0.880555555556
0.891666666667
0.902777777778
0.85
0.861111111111
0.869444444444
0.880555555556
0.891666666667
0.838888888889
0.85
0.861111111111
0.872222222222
0.883333333333
0.830555555556
0.841666666667
0.85
0.861111111111
0.872222222222
0.819444444444
0.830555555556
0.841666666667
0.85
0.861111111111
0.811111111111
0.822222222222
0.830555555556
0.841666666667
0.852777777778
0.802777777778
0.811111111111
0.822222222222
0.830555555556
0.841666666667
0.791666666667
0.802777777778
0.811111111111
0.822222222222
0.833333333333
