31.3444444444
32.0277777778
32.7277777778
33.4416666667
34.1694444444
30.8027777778
31.4722222222
32.1583333333
32.8611111111
33.575
30.2694444444
30.9277777778
31.6027777778
32.2888888889
32.9944444444
29.7472222222
30.3944444444
31.0555555556
31.7305555556
32.4222222222
29.2361111111
29.8722222222
30.5194444444
31.1833333333
31.8611111111
28.7333333333
29.3583333333
29.9944444444
30.6444444444
31.3111111111
28.2416666667
28.8527777778
29.4805555556
30.1194444444
30.7722222222
27.7583333333
28.3583333333
28.975
29.6
30.2416666667
27.2833333333
27.875
28.4777777778
29.0944444444
29.7222222222
26.8194444444
27.4
27.9916666667
28.5972222222
29.2138888889
26.3638888889
26.9333333333
27.5138888889
28.1083333333
28.7138888889
25.9166666667
26.475
27.0472222222
27.6305555556
28.225
25.4777777778
26.025
26.5861111111
27.1583333333
27.7444444444
25.0472222222
25.5861111111
26.1361111111
26.7
27.2722222222
24.6222222222
25.1527777778
25.6944444444
26.2472222222
26.8111111111
24.2083333333
24.7277777778
25.2611111111
25.8027777778
26.3583333333
23.8027777778
24.3138888889
24.8333333333
25.3666666667
25.9111111111
23.4027777778
23.9055555556
24.4166666667
24.9416666667
25.475
23.0111111111
23.5027777778
24.0083333333
24.5222222222
25.0472222222
22.625
23.1111111111
23.6055555556
24.1111111111
24.625
22.25
22.725
23.2111111111
23.7055555556
24.2138888889
21.8777777778
22.3472222222
22.8222222222
23.3111111111
23.8083333333
21.5138888889
21.975
22.4444444444
22.9222222222
23.4111111111
21.1583333333
21.6083333333
22.0694444444
22.5416666667
23.0222222222
20.8083333333
21.2527777778
21.7027777778
22.1666666667
22.6388888889
20.4638888889
20.9
21.3444444444
21.7972222222
22.2611111111
20.1277777778
20.5555555556
20.9916666667
21.4388888889
21.8944444444
19.7972222222
20.2166666667
20.6444444444
21.0833333333
21.5305555556
19.4722222222
19.8833333333
20.3055555556
20.7361111111
21.175
19.1527777778
19.5583333333
19.9722222222
20.3944444444
20.8277777778
18.8388888889
19.2361111111
19.6444444444
20.0611111111
20.4861111111
18.5305555556
18.9222222222
19.3222222222
19.7305555556
20.15
18.2277777778
18.6138888889
19.0083333333
19.4083333333
19.8194444444
17.9333333333
18.3111111111
18.6972222222
19.0916666667
19.4944444444
17.6416666667
18.0138888889
18.3944444444
18.7805555556
19.1777777778
17.3555555556
17.7222222222
18.0944444444
18.475
18.8638888889
17.075
17.4333333333
17.8
18.175
18.5583333333
16.8
17.1527777778
17.5138888889
17.8805555556
18.2583333333
16.5277777778
16.875
17.2305555556
17.5916666667
17.9611111111
16.2638888889
16.6055555556
16.9527777778
17.3083333333
17.6722222222
16.0027777778
16.3388888889
16.6805555556
17.0305555556
17.3861111111
15.7472222222
16.075
16.4111111111
16.7555555556
17.1055555556
15.4944444444
15.8194444444
16.15
16.4861111111
16.8333333333
15.2472222222
15.5666666667
15.8916666667
16.2222222222
16.5611111111
15.0055555556
15.3166666667
15.6361111111
15.9638888889
16.2972222222
14.7666666667
15.075
15.3888888889
15.7083333333
16.0361111111
14.5305555556
14.8333333333
15.1444444444
15.4583333333
15.7805555556
14.3
14.6
14.9027777778
15.2138888889
15.5305555556
14.075
14.3694444444
14.6666666667
14.9722222222
15.2833333333
13.8527777778
14.1416666667
14.4361111111
14.7361111111
15.0416666667
13.6361111111
13.9194444444
14.2083333333
14.5027777778
14.8027777778
13.4222222222
13.7
13.9833333333
14.2722222222
14.5694444444
13.2111111111
13.4833333333
13.7638888889
14.05
14.3388888889
13.0027777778
13.2722222222
13.5472222222
13.8277777778
14.1138888889
12.8
13.0638888889
13.3361111111
13.6111111111
13.8916666667
12.6
12.8611111111
13.1277777778
13.3972222222
13.675
12.4055555556
12.6611111111
12.9222222222
13.1888888889
13.4611111111
12.2111111111
12.4638888889
12.7194444444
12.9833333333
13.25
12.0222222222
12.2694444444
12.5222222222
12.7805555556
13.0444444444
11.8361111111
12.0805555556
12.3277777778
12.5833333333
12.8416666667
11.6527777778
11.8944444444
12.1388888889
12.3861111111
12.6416666667
11.475
11.7083333333
11.95
12.1944444444
12.4472222222
11.2972222222
11.5277777778
11.7666666667
12.0083333333
12.2527777778
11.1222222222
11.3527777778
11.5833333333
11.8222222222
12.0638888889
10.9527777778
11.1777777778
11.4055555556
11.6388888889
11.8777777778
10.7861111111
11.0055555556
11.2305555556
11.4611111111
11.6944444444
10.6194444444
10.8388888889
11.0583333333
11.2861111111
11.5166666667
10.4583333333
10.6722222222
10.8888888889
11.1138888889
11.3388888889
10.3
10.5083333333
10.725
10.9416666667
11.1666666667
10.1416666667
10.35
10.5611111111
10.775
10.9944444444
9.98888888889
10.1916666667
10.4
10.6111111111
10.8277777778
9.83888888889
10.0388888889
10.2416666667
10.45
10.6638888889
9.68888888889
9.88611111111
10.0861111111
10.2916666667
10.5027777778
9.54444444444
9.73611111111
9.93333333333
10.1361111111
10.3416666667
 9.4
9.58888888889
9.78611111111
9.98333333333
10.1861111111
9.25833333333
9.44722222222
9.63611111111
9.83333333333
10.0333333333
9.11944444444
9.30277777778
9.49166666667
9.68611111111
9.88055555556
8.98333333333
9.16388888889
9.35
9.53888888889
9.73333333333
8.85
9.02777777778
9.21111111111
9.39722222222
9.58611111111
8.71666666667
8.89166666667
9.07222222222
9.25555555556
9.44166666667
8.58611111111
8.76111111111
8.93611111111
9.11666666667
 9.3
8.45833333333
8.63055555556
8.80277777778
8.98055555556
9.16111111111
8.33333333333
8.50277777778
8.67222222222
8.84722222222
9.025
8.21111111111
8.375
8.54444444444
8.71666666667
8.89166666667
8.08888888889
8.25277777778
8.41666666667
8.58611111111
8.75833333333
7.96944444444
8.13055555556
8.29444444444
8.45833333333
8.63055555556
7.85277777778
8.01111111111
8.16944444444
8.33333333333
8.50277777778
7.73611111111
7.89166666667
8.05
8.21111111111
8.375
7.62222222222
7.775
7.93055555556
8.09166666667
8.25277777778
7.51111111111
7.66111111111
7.81666666667
7.97222222222
8.13055555556
7.40277777778
7.55
 7.7
7.85555555556
8.01111111111
7.29444444444
7.43888888889
7.58888888889
7.73888888889
7.89444444444
7.18888888889
7.33055555556
7.47777777778
7.62777777778
7.77777777778
7.08333333333
7.225
7.36944444444
7.51666666667
7.66666666667
6.98055555556
7.11944444444
7.26111111111
7.40555555556
7.55277777778
6.88055555556
7.01666666667
7.15555555556
7.29722222222
7.44444444444
6.78055555556
6.91388888889
7.05277777778
7.19166666667
7.33611111111
6.68333333333
6.81388888889
6.95
7.08888888889
7.22777777778
6.58611111111
6.71666666667
6.85
6.98611111111
7.125
6.49166666667
6.61944444444
6.75
6.88611111111
7.02222222222
6.39722222222
6.525
6.65277777778
6.78611111111
6.91944444444
6.30555555556
6.43055555556
6.55833333333
6.68888888889
6.81944444444
6.21666666667
6.33888888889
6.46388888889
6.59166666667
6.72222222222
6.12777777778
6.24722222222
6.37222222222
6.49722222222
6.625
6.03888888889
6.15833333333
6.28055555556
6.40555555556
6.53055555556
5.95555555556
6.07222222222
6.19166666667
6.31388888889
6.43888888889
5.86944444444
5.98611111111
6.10277777778
6.22222222222
6.34722222222
5.78611111111
 5.9
6.01666666667
6.13611111111
6.25555555556
5.70555555556
5.81666666667
5.93055555556
6.04722222222
6.16666666667
5.625
5.73333333333
5.84722222222
5.96111111111
6.07777777778
5.54444444444
5.65277777778
5.76388888889
5.87777777778
5.99166666667
5.46666666667
5.575
5.68333333333
5.79444444444
5.90833333333
5.38888888889
5.49444444444
5.60277777778
5.71388888889
5.825
5.31388888889
5.41944444444
5.525
5.63333333333
5.74166666667
5.23888888889
5.34166666667
5.44722222222
5.55277777778
5.66111111111
5.16666666667
5.26666666667
5.36944444444
5.475
5.58333333333
5.09444444444
5.19444444444
5.29444444444
 5.4
5.50555555556
5.025
5.12222222222
5.22222222222
5.32222222222
5.42777777778
4.95277777778
5.05
5.15
5.25
5.35277777778
4.88611111111
4.98055555556
5.07777777778
5.175
5.27777777778
4.81666666667
4.91111111111
5.00555555556
5.10555555556
5.20277777778
4.75
4.84444444444
4.93611111111
5.03333333333
5.13055555556
4.68611111111
4.77777777778
4.86944444444
4.96388888889
5.06111111111
4.62222222222
4.71111111111
4.80277777778
4.89444444444
4.98888888889
4.55833333333
4.64444444444
4.73611111111
4.82777777778
4.92222222222
4.49444444444
4.58055555556
4.66944444444
4.76111111111
4.85277777778
4.43333333333
4.51944444444
4.60555555556
4.69444444444
4.78611111111
4.37222222222
4.45833333333
4.54444444444
4.63055555556
4.71944444444
4.31388888889
4.39722222222
4.48055555556
4.56666666667
4.65555555556
4.25277777778
4.33611111111
4.41944444444
4.50555555556
4.59166666667
4.19722222222
4.27777777778
4.35833333333
4.44444444444
4.53055555556
4.13888888889
4.21944444444
 4.3
4.38333333333
4.46666666667
4.08333333333
4.16111111111
4.24166666667
4.32222222222
4.40555555556
4.02777777778
4.10555555556
4.18333333333
4.26388888889
4.34722222222
3.97222222222
4.05
4.12777777778
4.20555555556
4.28888888889
3.91944444444
3.99444444444
4.07222222222
4.15
4.23055555556
3.86666666667
3.94166666667
4.01666666667
4.09444444444
4.17222222222
3.81388888889
3.88888888889
3.96388888889
4.03888888889
4.11666666667
3.76388888889
3.83611111111
3.90833333333
3.98333333333
4.06111111111
3.71388888889
3.78333333333
3.85555555556
3.93055555556
4.00555555556
3.66388888889
3.73333333333
3.80555555556
3.87777777778
3.95277777778
3.61388888889
3.68333333333
3.75555555556
3.825
 3.9
3.56666666667
3.63611111111
3.70555555556
3.775
3.84722222222
3.51944444444
3.58611111111
3.65555555556
3.725
3.79444444444
3.47222222222
3.53888888889
3.60555555556
3.675
3.74444444444
3.42777777778
3.49166666667
3.55833333333
3.625
3.69444444444
3.38055555556
3.44444444444
3.51111111111
3.57777777778
3.64444444444
3.33611111111
 3.4
3.46388888889
3.53055555556
3.59722222222
3.29166666667
3.35555555556
3.41944444444
3.48333333333
3.55
3.25
3.31111111111
3.375
3.43888888889
3.50277777778
3.20555555556
3.26666666667
3.33055555556
3.39166666667
3.45555555556
3.16388888889
3.225
3.28611111111
3.34722222222
3.41111111111
3.12222222222
3.18333333333
3.24166666667
3.30277777778
3.36666666667
3.08333333333
3.14166666667
 3.2
3.26111111111
3.32222222222
3.04166666667
 3.1
3.15833333333
3.21666666667
3.27777777778
3.00277777778
3.05833333333
3.11666666667
3.175
3.23611111111
2.96388888889
3.01944444444
3.075
3.13333333333
3.19444444444
2.925
2.98055555556
3.03611111111
3.09444444444
3.15277777778
2.88611111111
2.94166666667
2.99722222222
3.05277777778
3.11111111111
2.85
2.90277777778
2.95833333333
3.01388888889
3.06944444444
2.81388888889
2.86666666667
2.91944444444
2.975
3.03055555556
2.77777777778
2.82777777778
2.88055555556
2.93611111111
2.99166666667
2.74166666667
2.79166666667
2.84444444444
2.89722222222
2.95277777778
2.70555555556
2.75555555556
2.80833333333
2.86111111111
2.91388888889
2.67222222222
2.72222222222
2.77222222222
2.825
2.87777777778
2.63611111111
2.68611111111
2.73611111111
2.78888888889
2.83888888889
2.60277777778
2.65277777778
 2.7
2.75277777778
2.80277777778
2.56944444444
2.61666666667
2.66666666667
2.71666666667
2.76666666667
2.53611111111
2.58333333333
2.63333333333
2.68055555556
2.73055555556
2.50555555556
2.55277777778
 2.6
2.64722222222
2.69722222222
2.47222222222
2.51944444444
2.56666666667
2.61388888889
2.66388888889
2.44166666667
2.48611111111
2.53333333333
2.58055555556
2.62777777778
2.41111111111
2.45555555556
2.50277777778
2.54722222222
2.59444444444
2.38055555556
2.425
2.46944444444
2.51666666667
2.56111111111
2.35
2.39444444444
2.43888888889
2.48333333333
2.53055555556
2.32222222222
2.36388888889
2.40833333333
2.45277777778
2.49722222222
2.29166666667
2.33333333333
2.37777777778
2.42222222222
2.46666666667
2.26388888889
2.30555555556
2.34722222222
2.39166666667
2.43611111111
2.23611111111
2.275
2.31944444444
2.36111111111
2.40555555556
2.20555555556
2.24722222222
2.28888888889
2.33055555556
2.375
2.18055555556
2.21944444444
2.26111111111
2.30277777778
2.34444444444
2.15277777778
2.19166666667
2.23333333333
2.27222222222
2.31388888889
2.125
2.16388888889
2.20555555556
2.24444444444
2.28611111111
 2.1
2.13888888889
2.17777777778
2.21666666667
2.25833333333
2.07222222222
2.11111111111
2.15
2.18888888889
2.23055555556
2.04722222222
2.08611111111
2.12222222222
2.16111111111
2.20277777778
2.02222222222
2.05833333333
2.09722222222
2.13611111111
2.175
1.99722222222
2.03333333333
2.07222222222
2.10833333333
2.14722222222
1.97222222222
2.00833333333
2.04444444444
2.08333333333
2.12222222222
1.94722222222
1.98333333333
2.01944444444
2.05833333333
2.09444444444
1.925
1.95833333333
1.99444444444
2.03055555556
2.06944444444
 1.9
1.93611111111
1.97222222222
2.00555555556
2.04444444444
1.87777777778
1.91111111111
1.94722222222
1.98333333333
2.01944444444
1.85555555556
1.88888888889
1.92222222222
1.95833333333
1.99444444444
1.83333333333
1.86666666667
 1.9
1.93333333333
1.96944444444
1.81111111111
1.84166666667
1.875
1.91111111111
1.94444444444
1.78888888889
1.81944444444
1.85277777778
1.88611111111
1.92222222222
1.76666666667
1.79722222222
1.83055555556
1.86388888889
1.89722222222
1.74444444444
1.77777777778
1.80833333333
1.84166666667
1.875
1.725
1.75555555556
1.78611111111
1.81944444444
1.85277777778
