1.31666666667
1.31388888889
1.31111111111
1.31111111111
1.30833333333
1.29722222222
1.29444444444
1.29444444444
1.29166666667
1.28888888889
1.28055555556
1.27777777778
1.275
1.27222222222
1.27222222222
1.26111111111
1.25833333333
1.25833333333
1.25555555556
1.25277777778
1.24444444444
1.24166666667
1.23888888889
1.23611111111
1.23611111111
1.225
1.225
1.22222222222
1.21944444444
1.21666666667
1.20833333333
1.20833333333
1.20555555556
1.20277777778
 1.2
1.19166666667
1.18888888889
1.18888888889
1.18611111111
1.18333333333
1.175
1.17222222222
1.17222222222
1.16944444444
1.16666666667
1.15833333333
1.15833333333
1.15555555556
1.15277777778
1.15
1.14166666667
1.14166666667
1.13888888889
1.13611111111
1.13611111111
1.12777777778
1.125
1.12222222222
1.12222222222
1.11944444444
1.11111111111
1.10833333333
1.10833333333
1.10555555556
1.10277777778
1.09722222222
1.09444444444
1.09166666667
1.09166666667
1.08888888889
1.08055555556
1.07777777778
1.07777777778
1.075
1.07222222222
1.06666666667
1.06388888889
1.06111111111
1.06111111111
1.05833333333
1.05
1.05
1.04722222222
1.04722222222
1.04444444444
1.03611111111
1.03611111111
1.03333333333
1.03055555556
1.03055555556
1.02222222222
1.02222222222
1.01944444444
1.01666666667
1.01666666667
1.00833333333
1.00833333333
1.00555555556
1.00277777778
1.00277777778
0.994444444444
0.994444444444
0.991666666667
0.988888888889
0.988888888889
0.980555555556
0.980555555556
0.977777777778
0.975
0.975
0.966666666667
0.966666666667
0.963888888889
0.963888888889
0.961111111111
0.955555555556
0.952777777778
0.952777777778
0.95
0.947222222222
0.941666666667
0.941666666667
0.938888888889
0.936111111111
0.936111111111
0.930555555556
0.927777777778
0.925
0.925
0.922222222222
0.916666666667
0.913888888889
0.913888888889
0.911111111111
0.911111111111
0.905555555556
0.902777777778
 0.9
 0.9
0.897222222222
0.891666666667
0.891666666667
0.888888888889
0.888888888889
0.886111111111
0.880555555556
0.877777777778
0.877777777778
0.875
0.875
0.869444444444
0.866666666667
0.866666666667
0.863888888889
0.863888888889
0.855555555556
0.855555555556
0.852777777778
0.852777777778
0.85
0.844444444444
0.844444444444
0.841666666667
0.841666666667
0.838888888889
0.833333333333
0.833333333333
0.830555555556
0.830555555556
0.827777777778
0.822222222222
0.822222222222
0.819444444444
0.819444444444
0.816666666667
0.811111111111
0.811111111111
0.808333333333
0.808333333333
0.805555555556
0.802777777778
 0.8
 0.8
0.797222222222
0.797222222222
0.791666666667
0.788888888889
0.788888888889
0.786111111111
0.786111111111
0.780555555556
0.777777777778
0.777777777778
0.777777777778
0.775
0.769444444444
0.769444444444
0.766666666667
0.766666666667
0.763888888889
0.761111111111
0.758333333333
0.758333333333
0.755555555556
0.755555555556
0.75
0.75
0.747222222222
0.747222222222
0.744444444444
0.738888888889
0.738888888889
0.738888888889
0.736111111111
0.736111111111
0.730555555556
0.730555555556
0.727777777778
0.727777777778
0.725
0.722222222222
0.719444444444
0.719444444444
0.716666666667
0.716666666667
0.711111111111
0.711111111111
0.708333333333
0.708333333333
0.708333333333
0.702777777778
 0.7
 0.7
 0.7
0.697222222222
0.694444444444
0.691666666667
0.691666666667
0.688888888889
0.688888888889
0.683333333333
0.683333333333
0.683333333333
0.680555555556
0.680555555556
0.675
0.675
0.672222222222
0.672222222222
0.672222222222
0.666666666667
0.666666666667
0.663888888889
0.663888888889
0.661111111111
0.658333333333
0.658333333333
0.655555555556
0.655555555556
0.652777777778
0.65
0.65
0.647222222222
0.647222222222
0.644444444444
0.641666666667
0.641666666667
0.638888888889
0.638888888889
0.636111111111
0.633333333333
0.633333333333
0.630555555556
0.630555555556
0.630555555556
0.625
0.625
0.622222222222
0.622222222222
0.622222222222
0.616666666667
0.616666666667
0.613888888889
0.613888888889
0.613888888889
0.608333333333
0.608333333333
0.608333333333
0.605555555556
0.605555555556
0.602777777778
 0.6
 0.6
 0.6
0.597222222222
0.594444444444
0.594444444444
0.591666666667
0.591666666667
0.588888888889
0.586111111111
0.586111111111
0.583333333333
0.583333333333
0.583333333333
0.580555555556
0.577777777778
0.577777777778
0.575
0.575
0.572222222222
0.572222222222
0.569444444444
0.569444444444
0.569444444444
0.563888888889
0.563888888889
0.563888888889
0.561111111111
0.561111111111
0.558333333333
0.555555555556
0.555555555556
0.555555555556
0.552777777778
0.55
0.55
0.55
0.547222222222
0.547222222222
0.544444444444
0.541666666667
0.541666666667
0.541666666667
0.538888888889
0.536111111111
0.536111111111
0.536111111111
0.533333333333
0.533333333333
0.530555555556
0.530555555556
0.527777777778
0.527777777778
0.527777777778
0.525
0.522222222222
0.522222222222
0.522222222222
0.519444444444
0.516666666667
0.516666666667
0.516666666667
0.513888888889
0.513888888889
0.511111111111
0.511111111111
0.508333333333
0.508333333333
0.508333333333
0.505555555556
0.502777777778
0.502777777778
0.502777777778
 0.5
0.497222222222
0.497222222222
0.497222222222
0.497222222222
0.494444444444
0.491666666667
0.491666666667
0.491666666667
0.488888888889
0.488888888889
0.486111111111
0.486111111111
0.483333333333
0.483333333333
0.483333333333
0.480555555556
0.480555555556
0.477777777778
0.477777777778
0.477777777778
0.475
0.472222222222
0.472222222222
0.472222222222
0.472222222222
0.469444444444
0.466666666667
0.466666666667
0.466666666667
0.466666666667
0.463888888889
0.461111111111
0.461111111111
0.461111111111
0.461111111111
0.458333333333
0.455555555556
0.455555555556
0.455555555556
0.455555555556
0.452777777778
0.45
0.45
0.45
0.45
0.447222222222
0.444444444444
0.444444444444
0.444444444444
0.444444444444
0.441666666667
0.438888888889
0.438888888889
0.438888888889
0.438888888889
0.436111111111
0.436111111111
0.433333333333
0.433333333333
0.433333333333
0.430555555556
0.430555555556
0.427777777778
0.427777777778
0.427777777778
0.425
0.425
0.425
0.422222222222
0.422222222222
0.419444444444
0.419444444444
0.419444444444
0.416666666667
0.416666666667
0.413888888889
0.413888888889
0.413888888889
0.413888888889
0.411111111111
0.411111111111
0.408333333333
0.408333333333
0.408333333333
0.408333333333
0.405555555556
0.405555555556
0.402777777778
0.402777777778
0.402777777778
 0.4
 0.4
 0.4
0.397222222222
0.397222222222
0.394444444444
0.394444444444
0.394444444444
0.394444444444
0.391666666667
0.391666666667
0.388888888889
0.388888888889
0.388888888889
0.388888888889
0.386111111111
0.386111111111
0.386111111111
0.383333333333
0.383333333333
0.380555555556
0.380555555556
0.380555555556
0.380555555556
0.377777777778
0.377777777778
0.377777777778
0.375
0.375
0.375
0.372222222222
0.372222222222
0.372222222222
0.372222222222
0.369444444444
0.369444444444
0.366666666667
0.366666666667
0.366666666667
0.366666666667
0.363888888889
0.363888888889
0.363888888889
0.361111111111
0.361111111111
0.358333333333
0.358333333333
0.358333333333
0.358333333333
0.358333333333
0.355555555556
0.355555555556
0.355555555556
0.352777777778
0.352777777778
0.35
0.35
0.35
0.35
0.35
0.347222222222
0.347222222222
0.347222222222
0.344444444444
0.344444444444
0.344444444444
0.341666666667
0.341666666667
0.341666666667
0.341666666667
0.338888888889
0.338888888889
0.338888888889
0.338888888889
0.336111111111
0.336111111111
0.333333333333
0.333333333333
0.333333333333
0.333333333333
0.330555555556
0.330555555556
0.330555555556
0.330555555556
0.330555555556
0.327777777778
0.327777777778
0.327777777778
0.325
0.325
0.325
0.322222222222
0.322222222222
0.322222222222
0.322222222222
0.319444444444
0.319444444444
0.319444444444
0.319444444444
0.316666666667
0.316666666667
0.316666666667
0.316666666667
0.313888888889
0.313888888889
0.313888888889
0.311111111111
0.311111111111
0.311111111111
0.311111111111
0.308333333333
0.308333333333
0.308333333333
0.308333333333
0.308333333333
0.305555555556
0.305555555556
0.305555555556
0.305555555556
0.302777777778
0.302777777778
0.302777777778
 0.3
 0.3
 0.3
 0.3
0.297222222222
0.297222222222
0.297222222222
0.297222222222
0.294444444444
0.294444444444
0.294444444444
0.294444444444
0.294444444444
0.291666666667
0.291666666667
0.291666666667
0.291666666667
0.288888888889
0.288888888889
0.288888888889
0.288888888889
0.286111111111
0.286111111111
0.286111111111
0.286111111111
0.283333333333
0.283333333333
0.283333333333
0.283333333333
0.280555555556
0.280555555556
0.280555555556
0.280555555556
0.277777777778
0.277777777778
0.277777777778
0.277777777778
0.277777777778
0.275
0.275
0.275
0.275
0.275
0.272222222222
0.272222222222
0.272222222222
0.272222222222
0.272222222222
0.269444444444
0.269444444444
0.269444444444
0.269444444444
0.269444444444
0.266666666667
0.266666666667
0.266666666667
0.266666666667
0.263888888889
0.263888888889
0.263888888889
0.263888888889
0.263888888889
0.261111111111
0.261111111111
0.261111111111
0.261111111111
0.258333333333
0.258333333333
0.258333333333
0.258333333333
0.258333333333
0.255555555556
0.255555555556
0.255555555556
0.255555555556
0.255555555556
0.252777777778
0.252777777778
0.252777777778
0.252777777778
0.252777777778
0.25
0.25
0.25
0.25
0.25
0.247222222222
0.247222222222
0.247222222222
0.247222222222
0.247222222222
0.244444444444
0.244444444444
0.244444444444
0.244444444444
0.244444444444
0.241666666667
0.241666666667
0.241666666667
0.241666666667
0.241666666667
0.238888888889
0.238888888889
0.238888888889
0.238888888889
0.238888888889
0.238888888889
0.236111111111
0.236111111111
0.236111111111
0.236111111111
0.236111111111
0.233333333333
0.233333333333
0.233333333333
0.233333333333
0.233333333333
0.233333333333
0.230555555556
0.230555555556
0.230555555556
0.230555555556
0.230555555556
0.227777777778
0.227777777778
0.227777777778
0.227777777778
0.227777777778
0.225
0.225
0.225
0.225
0.225
0.222222222222
0.222222222222
0.222222222222
0.222222222222
0.222222222222
0.222222222222
0.219444444444
0.219444444444
0.219444444444
0.219444444444
0.219444444444
0.219444444444
0.216666666667
0.216666666667
0.216666666667
0.216666666667
0.216666666667
0.216666666667
0.216666666667
0.213888888889
0.213888888889
0.213888888889
0.213888888889
0.213888888889
0.213888888889
0.211111111111
0.211111111111
0.211111111111
0.211111111111
0.211111111111
0.208333333333
0.208333333333
0.208333333333
0.208333333333
0.208333333333
0.208333333333
0.205555555556
0.205555555556
0.205555555556
0.205555555556
0.205555555556
0.205555555556
0.205555555556
0.202777777778
0.202777777778
0.202777777778
0.202777777778
0.202777777778
0.202777777778
0.202777777778
 0.2
 0.2
 0.2
 0.2
 0.2
0.197222222222
0.197222222222
0.197222222222
0.197222222222
0.197222222222
0.197222222222
0.197222222222
0.194444444444
0.194444444444
0.194444444444
0.194444444444
0.194444444444
0.194444444444
0.194444444444
0.194444444444
0.191666666667
0.191666666667
0.191666666667
0.191666666667
0.191666666667
0.188888888889
0.188888888889
0.188888888889
0.188888888889
0.188888888889
0.188888888889
0.188888888889
0.188888888889
0.186111111111
0.186111111111
0.186111111111
0.186111111111
0.186111111111
0.186111111111
0.186111111111
0.183333333333
0.183333333333
0.183333333333
0.183333333333
0.183333333333
0.183333333333
0.183333333333
0.180555555556
0.180555555556
0.180555555556
0.180555555556
0.180555555556
0.180555555556
0.180555555556
0.180555555556
0.177777777778
0.177777777778
0.177777777778
0.177777777778
0.177777777778
0.177777777778
0.177777777778
0.175
0.175
0.175
0.175
0.175
0.175
0.175
0.175
0.172222222222
0.172222222222
0.172222222222
0.172222222222
0.172222222222
0.172222222222
0.172222222222
0.169444444444
0.169444444444
0.169444444444
0.169444444444
0.169444444444
0.169444444444
0.169444444444
0.169444444444
0.166666666667
0.166666666667
0.166666666667
0.166666666667
0.166666666667
0.166666666667
0.166666666667
0.166666666667
0.163888888889
0.163888888889
0.163888888889
0.163888888889
0.163888888889
0.163888888889
0.163888888889
0.163888888889
0.161111111111
0.161111111111
0.161111111111
0.161111111111
0.161111111111
0.161111111111
0.161111111111
0.161111111111
0.161111111111
0.158333333333
0.158333333333
0.158333333333
0.158333333333
0.158333333333
0.158333333333
0.158333333333
0.158333333333
0.155555555556
0.155555555556
0.155555555556
0.155555555556
0.155555555556
0.155555555556
0.155555555556
0.155555555556
0.155555555556
0.152777777778
0.152777777778
0.152777777778
0.152777777778
0.152777777778
0.152777777778
0.152777777778
0.152777777778
0.15
0.15
0.15
0.15
0.15
0.15
0.15
0.15
0.15
0.15
0.147222222222
0.147222222222
0.147222222222
0.147222222222
0.147222222222
0.147222222222
0.147222222222
0.147222222222
0.147222222222
0.147222222222
0.144444444444
0.144444444444
0.144444444444
0.144444444444
0.144444444444
0.144444444444
0.144444444444
0.144444444444
0.144444444444
0.141666666667
0.141666666667
0.141666666667
0.141666666667
0.141666666667
0.141666666667
0.141666666667
0.141666666667
0.141666666667
0.141666666667
0.138888888889
0.138888888889
0.138888888889
0.138888888889
0.138888888889
0.138888888889
0.138888888889
0.138888888889
0.138888888889
0.138888888889
0.136111111111
0.136111111111
0.136111111111
0.136111111111
0.136111111111
0.136111111111
0.136111111111
0.136111111111
0.136111111111
0.136111111111
0.133333333333
0.133333333333
0.133333333333
0.133333333333
0.133333333333
0.133333333333
0.133333333333
0.133333333333
0.133333333333
0.133333333333
0.133333333333
0.130555555556
0.130555555556
0.130555555556
0.130555555556
0.130555555556
0.130555555556
0.130555555556
0.130555555556
0.130555555556
0.130555555556
0.127777777778
0.127777777778
0.127777777778
0.127777777778
0.127777777778
0.127777777778
0.127777777778
0.127777777778
0.127777777778
0.127777777778
0.125
0.125
0.125
0.125
0.125
0.125
0.125
0.125
0.125
0.125
0.125
0.125
0.122222222222
0.122222222222
0.122222222222
