1.91111111111
1.91388888889
1.91388888889
1.91666666667
1.91944444444
1.88333333333
1.88611111111
1.88611111111
1.88888888889
1.89166666667
1.85555555556
1.85833333333
1.86111111111
1.86111111111
1.86388888889
1.83055555556
1.83055555556
1.83333333333
1.83611111111
1.83611111111
1.80277777778
1.80555555556
1.80555555556
1.80833333333
1.81111111111
1.77777777778
1.77777777778
1.78055555556
1.78333333333
1.78333333333
1.75
1.75277777778
1.75555555556
1.75555555556
1.75833333333
1.725
1.72777777778
1.73055555556
1.73055555556
1.73333333333
 1.7
1.70277777778
1.70555555556
1.70555555556
1.70833333333
1.67777777778
1.67777777778
1.68055555556
1.68333333333
1.68333333333
1.65277777778
1.65555555556
1.65555555556
1.65833333333
1.65833333333
1.63055555556
1.63055555556
1.63333333333
1.63333333333
1.63611111111
1.60555555556
1.60833333333
1.60833333333
1.61111111111
1.61388888889
1.58333333333
1.58611111111
1.58611111111
1.58888888889
1.58888888889
1.56111111111
1.56111111111
1.56388888889
1.56666666667
1.56666666667
1.53888888889
1.54166666667
1.54166666667
1.54444444444
1.54444444444
1.51666666667
1.51944444444
1.51944444444
1.52222222222
1.52222222222
1.49444444444
1.49722222222
 1.5
 1.5
1.50277777778
1.475
1.475
1.47777777778
1.47777777778
1.48055555556
1.45277777778
1.45555555556
1.45555555556
1.45833333333
1.45833333333
1.43333333333
1.43611111111
1.43611111111
1.43888888889
1.43888888889
1.41388888889
1.41388888889
1.41666666667
1.41666666667
1.41944444444
1.39444444444
1.39444444444
1.39722222222
1.39722222222
 1.4
1.375
1.375
1.37777777778
1.37777777778
1.38055555556
1.35555555556
1.35555555556
1.35833333333
1.35833333333
1.36111111111
1.33611111111
1.33888888889
1.33888888889
1.34166666667
1.34166666667
1.31666666667
1.31944444444
1.31944444444
1.32222222222
1.32222222222
 1.3
 1.3
1.30277777778
1.30277777778
1.30555555556
1.28055555556
1.28333333333
1.28333333333
1.28611111111
1.28611111111
1.26388888889
1.26666666667
1.26666666667
1.26666666667
1.26944444444
1.24722222222
1.24722222222
1.25
1.25
1.25277777778
1.23055555556
1.23055555556
1.23333333333
1.23333333333
1.23333333333
1.21388888889
1.21388888889
1.21388888889
1.21666666667
1.21666666667
1.19722222222
1.19722222222
 1.2
 1.2
 1.2
1.18055555556
1.18055555556
1.18333333333
1.18333333333
1.18333333333
1.16388888889
1.16388888889
1.16666666667
1.16666666667
1.16944444444
1.14722222222
1.15
1.15
1.15277777778
1.15277777778
1.13333333333
1.13333333333
1.13611111111
1.13611111111
1.13611111111
1.11666666667
1.11944444444
1.11944444444
1.11944444444
1.12222222222
1.10277777778
1.10277777778
1.10555555556
1.10555555556
1.10555555556
1.08611111111
1.08888888889
1.08888888889
1.09166666667
1.09166666667
1.07222222222
1.075
1.075
1.075
1.07777777778
1.05833333333
1.05833333333
1.06111111111
1.06111111111
1.06111111111
1.04444444444
1.04444444444
1.04722222222
1.04722222222
1.04722222222
1.03055555556
1.03055555556
1.03333333333
1.03333333333
1.03333333333
1.01666666667
1.01666666667
1.01944444444
1.01944444444
1.01944444444
1.00277777778
1.00277777778
1.00555555556
1.00555555556
1.00555555556
0.988888888889
0.991666666667
0.991666666667
0.991666666667
0.994444444444
0.975
0.977777777778
0.977777777778
0.980555555556
0.980555555556
0.963888888889
0.963888888889
0.963888888889
0.966666666667
0.966666666667
0.95
0.952777777778
0.952777777778
0.952777777778
0.955555555556
0.938888888889
0.938888888889
0.938888888889
0.941666666667
0.941666666667
0.925
0.927777777778
0.927777777778
0.927777777778
0.930555555556
0.913888888889
0.913888888889
0.916666666667
0.916666666667
0.916666666667
0.902777777778
0.902777777778
0.902777777778
0.905555555556
0.905555555556
0.888888888889
0.891666666667
0.891666666667
0.891666666667
0.894444444444
0.877777777778
0.877777777778
0.880555555556
0.880555555556
0.880555555556
0.866666666667
0.866666666667
0.869444444444
0.869444444444
0.869444444444
0.855555555556
0.855555555556
0.858333333333
0.858333333333
0.858333333333
0.844444444444
0.844444444444
0.847222222222
0.847222222222
0.847222222222
0.833333333333
0.833333333333
0.836111111111
0.836111111111
0.836111111111
0.822222222222
0.822222222222
0.825
0.825
0.825
0.811111111111
0.813888888889
0.813888888889
0.813888888889
0.813888888889
0.802777777778
0.802777777778
0.802777777778
0.802777777778
0.805555555556
0.791666666667
0.791666666667
0.791666666667
0.794444444444
0.794444444444
0.780555555556
0.780555555556
0.783333333333
0.783333333333
0.783333333333
0.772222222222
0.772222222222
0.772222222222
0.772222222222
0.775
0.761111111111
0.761111111111
0.763888888889
0.763888888889
0.763888888889
0.75
0.752777777778
0.752777777778
0.752777777778
0.755555555556
0.741666666667
0.741666666667
0.744444444444
0.744444444444
0.744444444444
0.733333333333
0.733333333333
0.733333333333
0.733333333333
0.736111111111
0.722222222222
0.725
0.725
0.725
0.725
0.713888888889
0.713888888889
0.713888888889
0.716666666667
0.716666666667
0.705555555556
0.705555555556
0.705555555556
0.705555555556
0.708333333333
0.697222222222
0.697222222222
0.697222222222
0.697222222222
0.697222222222
0.686111111111
0.688888888889
0.688888888889
0.688888888889
0.688888888889
0.677777777778
0.677777777778
0.680555555556
0.680555555556
0.680555555556
0.669444444444
0.669444444444
0.672222222222
0.672222222222
0.672222222222
0.661111111111
0.661111111111
0.663888888889
0.663888888889
0.663888888889
0.652777777778
0.652777777778
0.655555555556
0.655555555556
0.655555555556
0.644444444444
0.644444444444
0.647222222222
0.647222222222
0.647222222222
0.636111111111
0.638888888889
0.638888888889
0.638888888889
0.638888888889
0.630555555556
0.630555555556
0.630555555556
0.630555555556
0.630555555556
0.622222222222
0.622222222222
0.622222222222
0.622222222222
0.625
0.613888888889
0.613888888889
0.613888888889
0.616666666667
0.616666666667
0.605555555556
0.605555555556
0.608333333333
0.608333333333
0.608333333333
0.597222222222
 0.6
 0.6
 0.6
 0.6
0.591666666667
0.591666666667
0.591666666667
0.591666666667
0.594444444444
0.583333333333
0.583333333333
0.586111111111
0.586111111111
0.586111111111
0.577777777778
0.577777777778
0.577777777778
0.577777777778
0.577777777778
0.569444444444
0.569444444444
0.569444444444
0.572222222222
0.572222222222
0.563888888889
0.563888888889
0.563888888889
0.563888888889
0.563888888889
0.555555555556
0.555555555556
0.555555555556
0.558333333333
0.558333333333
0.55
0.55
0.55
0.55
0.55
0.541666666667
0.541666666667
0.544444444444
0.544444444444
0.544444444444
0.536111111111
0.536111111111
0.536111111111
0.536111111111
0.538888888889
0.530555555556
0.530555555556
0.530555555556
0.530555555556
0.530555555556
0.522222222222
0.522222222222
0.525
0.525
0.525
0.516666666667
0.516666666667
0.516666666667
0.516666666667
0.519444444444
0.511111111111
0.511111111111
0.511111111111
0.511111111111
0.511111111111
0.505555555556
0.505555555556
0.505555555556
0.505555555556
0.505555555556
0.497222222222
0.497222222222
 0.5
 0.5
 0.5
0.491666666667
0.491666666667
0.494444444444
0.494444444444
0.494444444444
0.486111111111
0.486111111111
0.486111111111
0.488888888889
0.488888888889
0.480555555556
0.480555555556
0.480555555556
0.480555555556
0.483333333333
0.475
0.475
0.475
0.475
0.477777777778
0.469444444444
0.469444444444
0.469444444444
0.469444444444
0.469444444444
0.463888888889
0.463888888889
0.463888888889
0.463888888889
0.463888888889
0.458333333333
0.458333333333
0.458333333333
0.458333333333
0.458333333333
0.452777777778
0.452777777778
0.452777777778
0.452777777778
0.455555555556
0.447222222222
0.447222222222
0.447222222222
0.447222222222
0.45
0.441666666667
0.441666666667
0.441666666667
0.444444444444
0.444444444444
0.436111111111
0.436111111111
0.438888888889
0.438888888889
0.438888888889
0.430555555556
0.433333333333
0.433333333333
0.433333333333
0.433333333333
0.427777777778
0.427777777778
0.427777777778
0.427777777778
0.427777777778
0.422222222222
0.422222222222
0.422222222222
0.422222222222
0.422222222222
0.416666666667
0.416666666667
0.416666666667
0.416666666667
0.419444444444
0.411111111111
0.411111111111
0.413888888889
0.413888888889
0.413888888889
0.408333333333
0.408333333333
0.408333333333
0.408333333333
0.408333333333
0.402777777778
0.402777777778
0.402777777778
0.402777777778
0.402777777778
0.397222222222
0.397222222222
0.397222222222
 0.4
 0.4
0.391666666667
0.394444444444
0.394444444444
0.394444444444
0.394444444444
0.388888888889
0.388888888889
0.388888888889
0.388888888889
0.388888888889
0.383333333333
0.383333333333
0.383333333333
0.386111111111
0.386111111111
0.380555555556
0.380555555556
0.380555555556
0.380555555556
0.380555555556
0.375
0.375
0.375
0.375
0.377777777778
0.372222222222
0.372222222222
0.372222222222
0.372222222222
0.372222222222
0.366666666667
0.366666666667
0.366666666667
0.366666666667
0.366666666667
0.361111111111
0.363888888889
0.363888888889
0.363888888889
0.363888888889
0.358333333333
0.358333333333
0.358333333333
0.358333333333
0.358333333333
0.355555555556
0.355555555556
0.355555555556
0.355555555556
0.355555555556
0.35
0.35
0.35
0.35
0.352777777778
0.347222222222
0.347222222222
0.347222222222
0.347222222222
0.347222222222
0.341666666667
0.341666666667
0.341666666667
0.344444444444
0.344444444444
0.338888888889
0.338888888889
0.338888888889
0.338888888889
0.338888888889
0.333333333333
0.336111111111
0.336111111111
0.336111111111
0.336111111111
0.330555555556
0.330555555556
0.330555555556
0.330555555556
0.333333333333
0.327777777778
0.327777777778
0.327777777778
0.327777777778
0.327777777778
0.322222222222
0.325
0.325
0.325
0.325
0.319444444444
0.319444444444
0.319444444444
0.319444444444
0.322222222222
0.316666666667
0.316666666667
0.316666666667
0.316666666667
0.316666666667
0.313888888889
0.313888888889
0.313888888889
0.313888888889
0.313888888889
0.308333333333
0.308333333333
0.311111111111
0.311111111111
0.311111111111
0.305555555556
0.305555555556
0.305555555556
0.305555555556
0.305555555556
0.302777777778
0.302777777778
0.302777777778
0.302777777778
0.302777777778
 0.3
 0.3
 0.3
 0.3
 0.3
0.294444444444
0.297222222222
0.297222222222
0.297222222222
0.297222222222
0.291666666667
0.291666666667
0.291666666667
0.294444444444
0.294444444444
0.288888888889
0.288888888889
0.288888888889
0.288888888889
0.288888888889
0.286111111111
0.286111111111
0.286111111111
0.286111111111
0.286111111111
0.283333333333
0.283333333333
0.283333333333
0.283333333333
0.283333333333
0.280555555556
0.280555555556
0.280555555556
0.280555555556
0.280555555556
0.277777777778
0.277777777778
0.277777777778
0.277777777778
0.277777777778
0.275
0.275
0.275
0.275
0.275
0.269444444444
0.272222222222
0.272222222222
0.272222222222
0.272222222222
0.266666666667
0.266666666667
0.269444444444
0.269444444444
0.269444444444
0.263888888889
0.263888888889
0.266666666667
0.266666666667
0.266666666667
0.261111111111
0.261111111111
0.261111111111
0.263888888889
0.263888888889
0.258333333333
0.258333333333
0.258333333333
0.261111111111
0.261111111111
0.255555555556
0.255555555556
0.255555555556
0.258333333333
0.258333333333
0.252777777778
0.252777777778
0.252777777778
0.255555555556
0.255555555556
0.25
0.25
0.25
0.252777777778
0.252777777778
0.247222222222
0.247222222222
0.247222222222
0.25
0.25
0.244444444444
0.244444444444
0.247222222222
0.247222222222
0.247222222222
0.241666666667
0.241666666667
0.244444444444
0.244444444444
0.244444444444
0.238888888889
0.241666666667
0.241666666667
0.241666666667
0.241666666667
0.238888888889
0.238888888889
0.238888888889
0.238888888889
0.238888888889
0.236111111111
0.236111111111
0.236111111111
0.236111111111
0.236111111111
0.233333333333
0.233333333333
0.233333333333
0.233333333333
0.233333333333
0.230555555556
0.230555555556
0.230555555556
0.230555555556
0.230555555556
0.227777777778
0.227777777778
0.227777777778
0.227777777778
0.227777777778
0.225
0.225
0.225
0.225
0.225
0.222222222222
0.222222222222
0.222222222222
0.222222222222
0.225
0.219444444444
0.219444444444
0.222222222222
0.222222222222
0.222222222222
0.219444444444
0.219444444444
0.219444444444
0.219444444444
0.219444444444
0.216666666667
0.216666666667
0.216666666667
0.216666666667
0.216666666667
0.213888888889
0.213888888889
0.213888888889
0.213888888889
0.213888888889
0.211111111111
0.211111111111
0.211111111111
0.211111111111
0.211111111111
0.208333333333
0.208333333333
0.208333333333
0.211111111111
0.211111111111
0.208333333333
0.208333333333
0.208333333333
0.208333333333
0.208333333333
0.205555555556
0.205555555556
0.205555555556
0.205555555556
0.205555555556
0.202777777778
0.202777777778
0.202777777778
0.202777777778
0.202777777778
 0.2
 0.2
 0.2
 0.2
 0.2
0.197222222222
 0.2
 0.2
 0.2
 0.2
0.197222222222
0.197222222222
0.197222222222
0.197222222222
0.197222222222
0.194444444444
0.194444444444
0.194444444444
0.194444444444
0.194444444444
0.191666666667
0.191666666667
0.191666666667
0.191666666667
0.194444444444
0.191666666667
0.191666666667
0.191666666667
0.191666666667
0.191666666667
0.188888888889
0.188888888889
0.188888888889
0.188888888889
0.188888888889
0.186111111111
0.186111111111
0.186111111111
0.186111111111
0.186111111111
0.183333333333
0.186111111111
0.186111111111
0.186111111111
0.186111111111
0.183333333333
0.183333333333
0.183333333333
0.183333333333
0.183333333333
0.180555555556
0.180555555556
0.180555555556
0.180555555556
0.180555555556
0.177777777778
0.180555555556
0.180555555556
0.180555555556
0.180555555556
0.177777777778
0.177777777778
0.177777777778
0.177777777778
0.177777777778
0.175
0.175
0.175
0.175
0.175
0.175
0.175
0.175
0.175
0.175
0.172222222222
0.172222222222
0.172222222222
0.172222222222
0.172222222222
0.169444444444
0.169444444444
0.169444444444
0.169444444444
0.169444444444
0.169444444444
0.169444444444
0.169444444444
0.169444444444
0.169444444444
