17.9111111111
18.2277777778
18.55
18.875
19.2083333333
17.6111111111
17.9222222222
18.2361111111
18.5583333333
18.8861111111
17.3166666667
17.6222222222
17.9305555556
18.2472222222
18.5666666667
17.0277777778
17.3277777778
17.6305555556
17.9416666667
18.2555555556
16.7444444444
17.0388888889
17.3361111111
17.6416666667
17.95
16.4666666667
16.7555555556
17.0472222222
17.3472222222
17.65
16.1916666667
16.4777777778
16.7638888889
17.0583333333
17.3583333333
15.925
16.2027777778
16.4861111111
16.775
17.0694444444
15.6611111111
15.9361111111
16.2138888889
16.4972222222
16.7861111111
15.4027777778
15.6722222222
15.9444444444
16.225
16.5083333333
15.15
15.4138888889
15.6833333333
15.9555555556
16.2333333333
14.9
15.1611111111
15.425
15.6916666667
15.9666666667
14.6555555556
14.9111111111
15.1694444444
15.4333333333
15.7027777778
14.4166666667
14.6666666667
14.9222222222
15.1805555556
15.4444444444
14.1805555556
14.4277777778
14.6777777778
14.9333333333
15.1916666667
13.95
14.1916666667
14.4388888889
14.6888888889
14.9444444444
13.7222222222
13.9611111111
14.2027777778
14.4472222222
14.7
13.5
13.7333333333
13.9722222222
14.2138888889
14.4583333333
13.2805555556
13.5111111111
13.7444444444
13.9833333333
14.225
13.0666666667
13.2916666667
13.5222222222
13.7555555556
13.9916666667
12.8555555556
13.0777777778
13.3027777778
13.5333333333
13.7666666667
12.6472222222
12.8666666667
13.0888888889
13.3138888889
13.5444444444
12.4444444444
12.6583333333
12.8777777778
13.1
13.325
12.2444444444
12.4555555556
12.6694444444
12.8888888889
13.1083333333
12.0472222222
12.2555555556
12.4666666667
12.6805555556
12.9
11.8555555556
12.0583333333
12.2666666667
12.4777777778
12.6916666667
11.6666666667
11.8666666667
12.0694444444
12.2777777778
12.4888888889
11.4805555556
11.6777777778
11.8777777778
12.0805555556
12.2888888889
11.2972222222
11.4916666667
11.6888888889
11.8888888889
12.0916666667
11.1194444444
11.3083333333
11.5027777778
11.7
11.9
10.9416666667
11.1305555556
11.3194444444
11.5138888889
11.7111111111
10.7694444444
10.9527777778
11.1416666667
11.3305555556
11.525
10.6
10.7805555556
10.9638888889
11.1527777778
11.3416666667
10.4333333333
10.6111111111
10.7916666667
10.975
11.1638888889
10.2694444444
10.4444444444
10.6222222222
10.8027777778
10.9861111111
10.1083333333
10.2805555556
10.4555555556
10.6333333333
10.8138888889
9.95
10.1194444444
10.2916666667
10.4666666667
10.6444444444
9.79444444444
9.96111111111
10.1305555556
10.3027777778
10.4777777778
9.64166666667
9.80555555556
9.97222222222
10.1416666667
10.3111111111
9.49166666667
9.65277777778
9.81666666667
9.98333333333
10.15
9.34444444444
9.50277777778
9.66388888889
9.82777777778
9.99166666667
 9.2
9.35555555556
9.51388888889
9.675
9.83611111111
9.05555555556
9.20833333333
9.36388888889
9.52222222222
9.68333333333
8.91666666667
9.06666666667
9.21944444444
9.375
9.53333333333
8.78055555556
8.92777777778
9.07777777778
9.23055555556
9.38611111111
8.64444444444
8.78888888889
8.93888888889
9.08888888889
9.24166666667
8.51111111111
8.65555555556
 8.8
8.94722222222
 9.1
8.38055555556
8.52222222222
8.66388888889
8.81111111111
8.95833333333
8.25277777778
8.39166666667
8.53333333333
8.675
8.82222222222
8.12777777778
8.26388888889
8.40277777778
8.54166666667
8.68611111111
8.00277777778
8.13611111111
8.27222222222
8.41111111111
8.55277777778
7.88055555556
8.01388888889
8.14722222222
8.28333333333
8.42222222222
7.76111111111
7.89166666667
8.02222222222
8.15833333333
8.29444444444
7.64444444444
7.77222222222
 7.9
8.03333333333
8.16666666667
7.52777777778
7.65277777778
7.78055555556
7.91111111111
8.04444444444
7.41388888889
7.53888888889
7.66388888889
7.79166666667
7.92222222222
7.30277777778
7.425
7.54722222222
7.675
7.80277777778
7.19166666667
7.31388888889
7.43333333333
7.55833333333
7.68333333333
7.08611111111
7.20277777778
7.32222222222
7.44444444444
7.56944444444
6.97777777778
7.09444444444
7.21388888889
7.33333333333
7.45555555556
6.875
6.98888888889
7.10555555556
7.22222222222
7.34166666667
6.77222222222
6.88333333333
6.99722222222
7.11388888889
7.23333333333
6.66944444444
6.78055555556
6.89444444444
7.00833333333
7.125
6.57222222222
6.68055555556
6.79166666667
6.90277777778
7.01666666667
6.475
6.58055555556
6.68888888889
 6.8
6.91388888889
6.37777777778
6.48333333333
6.59166666667
 6.7
6.81111111111
6.28333333333
6.38611111111
6.49166666667
 6.6
6.70833333333
6.19166666667
6.29166666667
6.39722222222
6.50277777778
6.60833333333
 6.1
 6.2
6.30277777778
6.40555555556
6.51111111111
6.01111111111
6.10833333333
6.20833333333
6.31111111111
6.41666666667
5.92222222222
6.01944444444
6.11666666667
6.21944444444
6.32222222222
5.83611111111
5.93055555556
6.02777777778
6.12777777778
6.22777777778
5.75
5.84444444444
5.93888888889
6.03611111111
6.13611111111
5.66666666667
5.75833333333
5.85277777778
5.95
6.04722222222
5.58333333333
5.675
5.76666666667
5.86111111111
5.95833333333
5.50277777778
5.59166666667
5.68333333333
5.77777777778
5.87222222222
5.42222222222
5.51111111111
 5.6
5.69166666667
5.78611111111
5.34444444444
5.43055555556
5.51944444444
5.60833333333
 5.7
5.26666666667
5.35277777778
5.43888888889
5.52777777778
5.61944444444
5.18888888889
5.275
5.36111111111
5.44722222222
5.53611111111
5.11388888889
5.19722222222
5.28333333333
5.36944444444
5.45555555556
5.04166666667
5.125
5.20833333333
5.29166666667
5.37777777778
4.96944444444
5.05
5.13333333333
5.21666666667
 5.3
4.89722222222
4.97777777778
5.05833333333
5.14166666667
5.225
4.82777777778
4.90555555556
4.98611111111
5.06666666667
5.15
4.75833333333
4.83611111111
4.91388888889
4.99444444444
5.075
4.69166666667
4.76666666667
4.84444444444
4.92222222222
5.00277777778
4.625
 4.7
4.775
4.85277777778
4.93055555556
4.55833333333
4.63333333333
4.70833333333
4.78333333333
4.86111111111
4.49444444444
4.56666666667
4.64166666667
4.71666666667
4.79166666667
4.43055555556
4.50277777778
4.575
4.64722222222
4.725
4.36666666667
4.43888888889
4.51111111111
4.58333333333
4.65555555556
4.30555555556
4.375
4.44722222222
4.51666666667
4.59166666667
4.24444444444
4.31388888889
4.38333333333
4.45277777778
4.525
4.18611111111
4.25277777778
4.32222222222
4.39166666667
4.46111111111
4.12777777778
4.19444444444
4.26111111111
4.33055555556
 4.4
4.06944444444
4.13611111111
 4.2
4.26944444444
4.33611111111
4.01388888889
4.07777777778
4.14166666667
4.20833333333
4.27777777778
3.95555555556
4.01944444444
4.08333333333
4.15
4.21666666667
3.90277777778
3.96388888889
4.02777777778
4.09166666667
4.15833333333
3.84722222222
3.90833333333
3.97222222222
4.03611111111
 4.1
3.79444444444
3.85555555556
3.91666666667
3.97777777778
4.04166666667
3.74166666667
 3.8
3.86111111111
3.925
3.98611111111
3.68888888889
3.75
3.80833333333
3.86944444444
3.93055555556
3.63888888889
3.69722222222
3.75555555556
3.81666666667
3.87777777778
3.58888888889
3.64722222222
3.70277777778
3.76388888889
3.82222222222
3.53888888889
3.59722222222
3.65277777778
3.71111111111
3.76944444444
3.49166666667
3.54722222222
3.60277777778
3.66111111111
3.71944444444
3.44444444444
3.49722222222
3.55277777778
3.61111111111
3.66666666667
3.39722222222
3.45
3.50555555556
3.56111111111
3.61666666667
3.35
3.40277777778
3.45555555556
3.51111111111
3.56666666667
3.30277777778
3.35555555556
3.40833333333
3.46388888889
3.51944444444
3.25833333333
3.31111111111
3.36388888889
3.41666666667
3.46944444444
3.21388888889
3.26666666667
3.31666666667
3.36944444444
3.42222222222
3.17222222222
3.22222222222
3.27222222222
3.325
3.37777777778
3.12777777778
3.17777777778
3.22777777778
3.27777777778
3.33055555556
3.08611111111
3.13611111111
3.18333333333
3.23333333333
3.28611111111
3.04444444444
3.09166666667
3.14166666667
3.19166666667
3.24166666667
3.00277777778
3.05
 3.1
3.14722222222
3.19722222222
2.96388888889
3.01111111111
3.05833333333
3.10555555556
3.15555555556
2.925
2.96944444444
3.01666666667
3.06388888889
3.11111111111
2.88333333333
2.93055555556
2.975
3.02222222222
3.06944444444
2.84722222222
2.89166666667
2.93611111111
2.98333333333
3.02777777778
2.80833333333
2.85277777778
2.89722222222
2.94166666667
2.98888888889
2.76944444444
2.81388888889
2.85833333333
2.90277777778
2.94722222222
2.73333333333
2.77777777778
2.81944444444
2.86388888889
2.90833333333
2.69722222222
2.73888888889
2.78333333333
2.825
2.86944444444
2.66111111111
2.70277777778
2.74444444444
2.78888888889
2.83333333333
2.62777777778
2.66666666667
2.70833333333
2.75277777778
2.79444444444
2.59166666667
2.63333333333
2.67222222222
2.71388888889
2.75833333333
2.55833333333
2.59722222222
2.63888888889
2.68055555556
2.72222222222
2.525
2.56388888889
2.60277777778
2.64444444444
2.68611111111
2.49166666667
2.53055555556
2.56944444444
2.60833333333
2.65
2.45833333333
2.49722222222
2.53611111111
2.575
2.61388888889
2.42777777778
2.46388888889
2.50277777778
2.54166666667
2.58055555556
2.39444444444
2.43055555556
2.46944444444
2.50833333333
2.54722222222
2.36388888889
 2.4
2.43611111111
2.475
2.51388888889
2.33333333333
2.36944444444
2.40555555556
2.44166666667
2.48055555556
2.30277777778
2.33888888889
2.375
2.41111111111
2.44722222222
2.27222222222
2.30833333333
2.34444444444
2.38055555556
2.41666666667
2.24444444444
2.27777777778
2.31388888889
2.35
2.38611111111
2.21388888889
2.24722222222
2.28333333333
2.31944444444
2.35277777778
2.18611111111
2.21944444444
2.25277777778
2.28888888889
2.32222222222
2.15833333333
2.19166666667
2.225
2.25833333333
2.29444444444
2.13055555556
2.16388888889
2.19722222222
2.23055555556
2.26388888889
2.10277777778
2.13611111111
2.16666666667
 2.2
2.23611111111
2.075
2.10833333333
2.13888888889
2.17222222222
2.20555555556
2.05
2.08055555556
2.11111111111
2.14444444444
2.17777777778
2.02222222222
2.05277777778
2.08611111111
2.11666666667
2.15
1.99722222222
2.02777777778
2.05833333333
2.09166666667
2.12222222222
1.97222222222
2.00277777778
2.03333333333
2.06388888889
2.09444444444
1.94722222222
1.97777777778
2.00555555556
2.03611111111
2.06944444444
1.92222222222
1.95277777778
1.98055555556
2.01111111111
2.04166666667
1.89722222222
1.92777777778
1.95555555556
1.98611111111
2.01666666667
1.875
1.90277777778
1.93055555556
1.96111111111
1.99166666667
1.85
1.87777777778
1.90833333333
1.93611111111
1.96666666667
1.82777777778
1.85555555556
1.88333333333
1.91111111111
1.94166666667
1.80277777778
1.83055555556
1.85833333333
1.88611111111
1.91666666667
1.78055555556
1.80833333333
1.83611111111
1.86388888889
1.89166666667
1.75833333333
1.78611111111
1.81388888889
1.84166666667
1.86944444444
1.73611111111
1.76388888889
1.78888888889
1.81666666667
1.84444444444
1.71666666667
1.74166666667
1.76666666667
1.79444444444
1.82222222222
1.69444444444
1.71944444444
1.74444444444
1.77222222222
 1.8
1.67222222222
1.69722222222
1.725
1.75
1.77777777778
1.65277777778
1.67777777778
1.70277777778
1.72777777778
1.75555555556
1.63055555556
1.65555555556
1.68055555556
1.70555555556
1.73333333333
1.61111111111
1.63611111111
1.66111111111
1.68611111111
1.71111111111
1.59166666667
1.61666666667
1.63888888889
1.66388888889
1.68888888889
1.57222222222
1.59444444444
1.61944444444
1.64444444444
1.66944444444
1.55277777778
1.575
 1.6
1.625
1.64722222222
1.53333333333
1.55555555556
1.58055555556
1.60277777778
1.62777777778
1.51388888889
1.53888888889
1.56111111111
1.58333333333
1.60833333333
1.49722222222
1.51944444444
1.54166666667
1.56388888889
1.58888888889
1.47777777778
 1.5
1.52222222222
1.54444444444
1.56944444444
1.46111111111
1.48055555556
1.50277777778
1.52777777778
1.55
1.44166666667
1.46388888889
1.48611111111
1.50833333333
1.53055555556
1.425
1.44722222222
1.46666666667
1.48888888889
1.51111111111
1.40833333333
1.42777777778
1.45
1.47222222222
1.49444444444
1.39166666667
1.41111111111
1.43333333333
1.45277777778
1.475
1.37222222222
1.39444444444
1.41388888889
1.43611111111
1.45833333333
1.35555555556
1.37777777778
1.39722222222
1.41944444444
1.43888888889
1.34166666667
1.36111111111
1.38055555556
 1.4
1.42222222222
1.325
1.34444444444
1.36388888889
1.38333333333
1.40555555556
1.30833333333
1.32777777778
1.34722222222
1.36666666667
1.38888888889
1.29166666667
1.31111111111
1.33055555556
1.35
1.37222222222
1.27777777778
1.29722222222
1.31666666667
1.33611111111
1.35555555556
1.26111111111
1.28055555556
 1.3
1.31944444444
1.33888888889
1.24722222222
1.26666666667
1.28333333333
1.30277777778
1.32222222222
1.23333333333
1.25
1.26944444444
1.28888888889
1.30555555556
1.21666666667
1.23611111111
1.25277777778
1.27222222222
1.29166666667
1.20277777778
1.21944444444
1.23888888889
1.25833333333
1.275
1.18888888889
1.20555555556
1.225
1.24166666667
1.26111111111
1.175
1.19166666667
1.20833333333
1.22777777778
1.24444444444
1.16111111111
1.17777777778
1.19444444444
1.21388888889
1.23055555556
1.14722222222
1.16388888889
1.18055555556
1.19722222222
1.21666666667
1.13333333333
1.15
1.16666666667
1.18333333333
1.20277777778
1.11944444444
1.13611111111
1.15277777778
1.16944444444
1.18888888889
1.10833333333
1.12222222222
1.13888888889
1.15555555556
1.17222222222
1.09444444444
1.11111111111
1.12777777778
1.14166666667
1.16111111111
1.08055555556
1.09722222222
1.11388888889
1.13055555556
1.14722222222
