5.85
5.90555555556
5.95833333333
6.01388888889
6.06944444444
5.75833333333
5.81111111111
5.86666666667
5.91944444444
5.975
5.66944444444
5.72222222222
5.775
5.82777777778
5.88055555556
5.58055555556
5.63055555556
5.68333333333
5.73611111111
5.78888888889
5.49444444444
5.54444444444
5.59444444444
5.64722222222
 5.7
5.40833333333
5.45833333333
5.50833333333
5.55833333333
5.61111111111
5.325
5.37222222222
5.42222222222
5.47222222222
5.52222222222
5.24166666667
5.28888888889
5.33888888889
5.38888888889
5.43888888889
5.16111111111
5.20833333333
5.25555555556
5.30555555556
5.35277777778
5.08055555556
5.12777777778
5.175
5.22222222222
5.26944444444
5.00277777778
5.05
5.09444444444
5.14166666667
5.18888888889
4.925
4.97222222222
5.01666666667
5.06388888889
5.10833333333
4.85
4.89444444444
4.93888888889
4.98611111111
5.03055555556
4.77777777778
4.81944444444
4.86388888889
4.90833333333
4.95277777778
4.70277777778
4.74722222222
4.78888888889
4.83333333333
4.87777777778
4.63333333333
4.675
4.71666666667
4.76111111111
4.80277777778
4.56111111111
4.60277777778
4.64444444444
4.68888888889
4.73055555556
4.49166666667
4.53333333333
4.575
4.61666666667
4.65833333333
4.425
4.46388888889
4.50555555556
4.54722222222
4.58888888889
4.35833333333
4.39722222222
4.43611111111
4.47777777778
4.51944444444
4.29166666667
4.33055555556
4.36944444444
4.41111111111
4.45
4.22777777778
4.26666666667
4.30555555556
4.34444444444
4.38333333333
4.16388888889
4.20277777778
4.23888888889
4.27777777778
4.31666666667
 4.1
4.13888888889
4.175
4.21388888889
4.25277777778
4.03888888889
4.07777777778
4.11388888889
4.15
4.18888888889
3.98055555556
4.01666666667
4.05277777778
4.08888888889
4.125
3.91944444444
3.95555555556
3.99166666667
4.02777777778
4.06388888889
3.86111111111
3.89722222222
3.93055555556
3.96666666667
4.00277777778
3.80555555556
3.83888888889
3.87222222222
3.90833333333
3.94444444444
3.74722222222
3.78055555556
3.81666666667
3.85
3.88611111111
3.69166666667
3.725
3.75833333333
3.79444444444
3.82777777778
3.63888888889
3.67222222222
3.70277777778
3.73611111111
3.76944444444
3.58333333333
3.61666666667
3.65
3.68333333333
3.71388888889
3.53055555556
3.56388888889
3.59444444444
3.62777777778
3.66111111111
3.48055555556
3.51111111111
3.54166666667
3.575
3.60555555556
3.42777777778
3.45833333333
3.49166666667
3.52222222222
3.55277777778
3.37777777778
3.40833333333
3.43888888889
3.46944444444
3.50277777778
3.33055555556
3.35833333333
3.38888888889
3.41944444444
3.45
3.28055555556
3.31111111111
3.33888888889
3.36944444444
 3.4
3.23333333333
3.26111111111
3.29166666667
3.31944444444
3.35
3.18611111111
3.21388888889
3.24444444444
3.27222222222
3.30277777778
3.13888888889
3.16944444444
3.19722222222
3.225
3.25277777778
3.09444444444
3.12222222222
3.15
3.17777777778
3.20555555556
3.05
3.07777777778
3.10555555556
3.13333333333
3.16111111111
3.00555555556
3.03333333333
3.06111111111
3.08611111111
3.11388888889
2.96388888889
2.98888888889
3.01666666667
3.04166666667
3.06944444444
2.91944444444
2.94722222222
2.97222222222
 3.0
3.025
2.87777777778
2.90555555556
2.93055555556
2.95555555556
2.98333333333
2.83888888889
2.86388888889
2.88888888889
2.91388888889
2.93888888889
2.79722222222
2.82222222222
2.84722222222
2.87222222222
2.89722222222
2.75833333333
2.78055555556
2.80555555556
2.83055555556
2.85555555556
2.71944444444
2.74166666667
2.76666666667
2.79166666667
2.81666666667
2.68055555556
2.70277777778
2.72777777778
2.75
2.775
2.64166666667
2.66388888889
2.68888888889
2.71111111111
2.73611111111
2.60555555556
2.62777777778
2.65
2.675
2.69722222222
2.56666666667
2.58888888889
2.61388888889
2.63611111111
2.65833333333
2.53055555556
2.55277777778
2.575
 2.6
2.62222222222
2.49722222222
2.51666666667
2.53888888889
2.56111111111
2.58333333333
2.46111111111
2.48333333333
2.50555555556
2.525
2.54722222222
2.42777777778
2.44722222222
2.46944444444
2.49166666667
2.51388888889
2.39166666667
2.41388888889
2.43333333333
2.45555555556
2.47777777778
2.35833333333
2.38055555556
 2.4
2.42222222222
2.44166666667
2.325
2.34722222222
2.36666666667
2.38888888889
2.40833333333
2.29444444444
2.31388888889
2.33333333333
2.35555555556
2.375
2.26111111111
2.28055555556
2.30277777778
2.32222222222
2.34166666667
2.23055555556
2.25
2.26944444444
2.28888888889
2.30833333333
 2.2
2.21944444444
2.23888888889
2.25833333333
2.27777777778
2.16944444444
2.18888888889
2.20833333333
2.22777777778
2.24722222222
2.13888888889
2.15833333333
2.17777777778
2.19722222222
2.21388888889
2.11111111111
2.12777777778
2.14722222222
2.16666666667
2.18333333333
2.08055555556
 2.1
2.11666666667
2.13611111111
2.15555555556
2.05277777778
2.06944444444
2.08888888889
2.10555555556
2.125
2.025
2.04166666667
2.06111111111
2.07777777778
2.09722222222
1.99722222222
2.01388888889
2.03333333333
2.05
2.06666666667
1.96944444444
1.98611111111
2.00555555556
2.02222222222
2.03888888889
1.94444444444
1.96111111111
1.97777777778
1.99444444444
2.01111111111
1.91666666667
1.93333333333
1.95
1.96666666667
1.98333333333
1.89166666667
1.90833333333
1.925
1.94166666667
1.95833333333
1.86666666667
1.88055555556
1.89722222222
1.91388888889
1.93055555556
1.84166666667
1.85555555556
1.87222222222
1.88888888889
1.90555555556
1.81666666667
1.83055555556
1.84722222222
1.86388888889
1.87777777778
1.79166666667
1.80555555556
1.82222222222
1.83888888889
1.85277777778
1.76666666667
1.78333333333
1.79722222222
1.81388888889
1.82777777778
1.74444444444
1.75833333333
1.77222222222
1.78888888889
1.80277777778
1.71944444444
1.73611111111
1.75
1.76388888889
1.78055555556
1.69722222222
1.71111111111
1.72777777778
1.74166666667
1.75555555556
1.675
1.68888888889
1.70277777778
1.71944444444
1.73333333333
1.65277777778
1.66666666667
1.68055555556
1.69444444444
1.70833333333
1.63055555556
1.64444444444
1.65833333333
1.67222222222
1.68611111111
1.60833333333
1.62222222222
1.63611111111
1.65
1.66388888889
1.58888888889
 1.6
1.61388888889
1.62777777778
1.64166666667
1.56666666667
1.58055555556
1.59444444444
1.60833333333
1.61944444444
1.54722222222
1.55833333333
1.57222222222
1.58611111111
 1.6
1.525
1.53888888889
1.55277777778
1.56388888889
1.57777777778
1.50555555556
1.51944444444
1.53055555556
1.54444444444
1.55833333333
1.48611111111
 1.5
1.51111111111
1.525
1.53611111111
1.46666666667
1.48055555556
1.49166666667
1.50555555556
1.51666666667
1.44722222222
1.46111111111
1.47222222222
1.48333333333
1.49722222222
1.42777777778
1.44166666667
1.45277777778
1.46388888889
1.47777777778
1.41111111111
1.42222222222
1.43333333333
1.44722222222
1.45833333333
1.39166666667
1.40277777778
1.41666666667
1.42777777778
1.43888888889
1.375
1.38611111111
1.39722222222
1.40833333333
1.41944444444
1.35555555556
1.36666666667
1.37777777778
1.39166666667
1.40277777778
1.33888888889
1.35
1.36111111111
1.37222222222
1.38333333333
1.32222222222
1.33333333333
1.34444444444
1.35555555556
1.36666666667
1.30555555556
1.31666666667
1.325
1.33888888889
1.35
1.28888888889
1.29722222222
1.30833333333
1.31944444444
1.33055555556
1.27222222222
1.28055555556
1.29166666667
1.30277777778
1.31388888889
1.25555555556
1.26666666667
1.275
1.28611111111
1.29722222222
1.23888888889
1.25
1.25833333333
1.26944444444
1.28055555556
1.22222222222
1.23333333333
1.24444444444
1.25277777778
1.26388888889
1.20833333333
1.21666666667
1.22777777778
1.23888888889
1.24722222222
1.19166666667
1.20277777778
1.21111111111
1.22222222222
1.23333333333
1.17777777778
1.18611111111
1.19722222222
1.20555555556
1.21666666667
1.16111111111
1.17222222222
1.18055555556
1.19166666667
1.20277777778
1.14722222222
1.15833333333
1.16666666667
1.17777777778
1.18611111111
1.13333333333
1.14166666667
1.15277777778
1.16111111111
1.17222222222
1.11944444444
1.12777777778
1.13888888889
1.14722222222
1.15555555556
1.10555555556
1.11388888889
1.12222222222
1.13333333333
1.14166666667
1.09166666667
 1.1
1.10833333333
1.11944444444
1.12777777778
1.07777777778
1.08611111111
1.09444444444
1.10555555556
1.11388888889
1.06388888889
1.07222222222
1.08055555556
1.09166666667
 1.1
1.05
1.05833333333
1.06666666667
1.07777777778
1.08611111111
1.03888888889
1.04722222222
1.05555555556
1.06388888889
1.07222222222
1.025
1.03333333333
1.04166666667
1.05
1.05833333333
1.01111111111
1.01944444444
1.02777777778
1.03611111111
1.04444444444
 1.0
1.00833333333
1.01666666667
1.025
1.03333333333
0.986111111111
0.994444444444
1.00277777778
1.01111111111
1.01944444444
0.975
0.983333333333
0.991666666667
 1.0
1.00833333333
0.963888888889
0.969444444444
0.977777777778
0.986111111111
0.994444444444
0.95
0.958333333333
0.966666666667
0.975
0.983333333333
0.938888888889
0.947222222222
0.955555555556
0.963888888889
0.969444444444
0.927777777778
0.936111111111
0.944444444444
0.95
0.958333333333
0.916666666667
0.925
0.930555555556
0.938888888889
0.947222222222
0.905555555556
0.913888888889
0.919444444444
0.927777777778
0.936111111111
0.894444444444
0.902777777778
0.908333333333
0.916666666667
0.925
0.883333333333
0.891666666667
0.897222222222
0.905555555556
0.913888888889
0.872222222222
0.880555555556
0.886111111111
0.894444444444
0.902777777778
0.861111111111
0.869444444444
0.875
0.883333333333
0.891666666667
0.852777777778
0.858333333333
0.866666666667
0.872222222222
0.880555555556
0.841666666667
0.847222222222
0.855555555556
0.861111111111
0.869444444444
0.830555555556
0.838888888889
0.844444444444
0.852777777778
0.858333333333
0.822222222222
0.827777777778
0.833333333333
0.841666666667
0.847222222222
0.811111111111
0.816666666667
0.825
0.830555555556
0.838888888889
0.802777777778
0.808333333333
0.813888888889
0.822222222222
0.827777777778
0.791666666667
0.797222222222
0.805555555556
0.811111111111
0.816666666667
0.783333333333
0.788888888889
0.794444444444
0.802777777778
0.808333333333
0.772222222222
0.780555555556
0.786111111111
0.791666666667
0.797222222222
0.763888888889
0.769444444444
0.777777777778
0.783333333333
0.788888888889
0.755555555556
0.761111111111
0.766666666667
0.772222222222
0.780555555556
0.747222222222
0.752777777778
0.758333333333
0.763888888889
0.769444444444
0.736111111111
0.744444444444
0.75
0.755555555556
0.761111111111
0.727777777778
0.733333333333
0.738888888889
0.747222222222
0.752777777778
0.719444444444
0.725
0.730555555556
0.736111111111
0.744444444444
0.711111111111
0.716666666667
0.722222222222
0.727777777778
0.733333333333
0.702777777778
0.708333333333
0.713888888889
0.719444444444
0.725
0.694444444444
 0.7
0.705555555556
0.711111111111
0.716666666667
0.686111111111
0.691666666667
0.697222222222
0.702777777778
0.708333333333
0.677777777778
0.683333333333
0.688888888889
0.694444444444
 0.7
0.669444444444
0.675
0.680555555556
0.686111111111
0.691666666667
0.663888888889
0.669444444444
0.672222222222
0.677777777778
0.683333333333
0.655555555556
0.661111111111
0.666666666667
0.672222222222
0.675
0.647222222222
0.652777777778
0.658333333333
0.663888888889
0.669444444444
0.638888888889
0.644444444444
0.65
0.655555555556
0.661111111111
0.633333333333
0.638888888889
0.641666666667
0.647222222222
0.652777777778
0.625
0.630555555556
0.636111111111
0.641666666667
0.644444444444
0.619444444444
0.622222222222
0.627777777778
0.633333333333
0.638888888889
0.611111111111
0.616666666667
0.619444444444
0.625
0.630555555556
0.602777777778
0.608333333333
0.613888888889
0.619444444444
0.622222222222
0.597222222222
0.602777777778
0.605555555556
0.611111111111
0.616666666667
0.588888888889
0.594444444444
 0.6
0.605555555556
0.608333333333
0.583333333333
0.588888888889
0.591666666667
0.597222222222
0.602777777778
0.577777777778
0.580555555556
0.586111111111
0.591666666667
0.594444444444
0.569444444444
0.575
0.580555555556
0.583333333333
0.588888888889
0.563888888889
0.569444444444
0.572222222222
0.577777777778
0.580555555556
0.558333333333
0.561111111111
0.566666666667
0.569444444444
0.575
0.55
0.555555555556
0.558333333333
0.563888888889
0.569444444444
0.544444444444
0.55
0.552777777778
0.558333333333
0.561111111111
0.538888888889
0.541666666667
0.547222222222
0.55
0.555555555556
0.533333333333
0.536111111111
0.541666666667
0.544444444444
0.55
0.527777777778
0.530555555556
0.536111111111
0.538888888889
0.544444444444
0.519444444444
0.525
0.527777777778
0.533333333333
0.536111111111
0.513888888889
0.519444444444
0.522222222222
0.527777777778
0.530555555556
0.508333333333
0.513888888889
0.516666666667
0.522222222222
0.525
0.502777777778
0.508333333333
0.511111111111
0.513888888889
0.519444444444
0.497222222222
0.502777777778
0.505555555556
0.508333333333
0.513888888889
0.491666666667
0.497222222222
 0.5
0.502777777778
0.508333333333
0.486111111111
0.491666666667
0.494444444444
0.497222222222
0.502777777778
0.480555555556
0.486111111111
0.488888888889
0.491666666667
0.497222222222
0.475
0.480555555556
0.483333333333
0.486111111111
0.491666666667
0.469444444444
0.475
0.477777777778
0.480555555556
0.486111111111
0.466666666667
0.469444444444
0.472222222222
0.475
0.480555555556
0.461111111111
0.463888888889
0.466666666667
0.472222222222
0.475
0.455555555556
0.458333333333
0.461111111111
0.466666666667
0.469444444444
0.45
0.452777777778
0.458333333333
0.461111111111
0.463888888889
0.444444444444
0.45
0.452777777778
0.455555555556
0.458333333333
0.441666666667
0.444444444444
0.447222222222
0.45
0.455555555556
0.436111111111
0.438888888889
0.441666666667
0.444444444444
0.45
0.430555555556
0.433333333333
0.438888888889
0.441666666667
0.444444444444
0.425
0.430555555556
0.433333333333
0.436111111111
0.438888888889
