10.2361111111
10.375
10.5138888889
10.6555555556
10.7972222222
10.0694444444
10.2055555556
10.3416666667
10.4805555556
10.6222222222
9.90833333333
10.0416666667
10.175
10.3111111111
10.45
9.74722222222
9.87777777778
10.0111111111
10.1444444444
10.2805555556
9.59166666667
9.71944444444
9.85
9.98055555556
10.1138888889
9.43611111111
9.56111111111
9.69166666667
9.81944444444
9.95
9.28611111111
9.40833333333
9.53333333333
9.66111111111
9.79166666667
9.13611111111
9.25833333333
9.38055555556
9.50555555556
9.63333333333
8.98888888889
9.11111111111
9.23055555556
9.35555555556
9.47777777778
8.84722222222
8.96388888889
9.08333333333
9.20555555556
9.32777777778
8.70555555556
8.82222222222
8.93888888889
9.05833333333
9.17777777778
8.56666666667
8.68055555556
8.79722222222
8.91388888889
9.03055555556
8.43055555556
8.54444444444
8.65555555556
8.77222222222
8.88888888889
8.29722222222
8.40833333333
8.51944444444
8.63333333333
8.74722222222
8.16666666667
8.275
8.38333333333
8.49444444444
8.60833333333
8.03888888889
8.14444444444
8.25277777778
8.36111111111
8.47222222222
7.91111111111
8.01666666667
8.12222222222
8.23055555556
8.33888888889
7.78611111111
7.88888888889
7.99444444444
 8.1
8.20833333333
7.66388888889
7.76666666667
7.86944444444
7.97222222222
8.07777777778
7.54444444444
7.64444444444
7.74444444444
7.84722222222
7.95
7.42777777778
7.525
7.625
7.725
7.82777777778
7.31111111111
7.40833333333
7.50555555556
7.60277777778
7.70277777778
7.19722222222
7.29166666667
7.38888888889
7.48611111111
7.58333333333
7.08611111111
7.18055555556
7.27222222222
7.36944444444
7.46666666667
6.975
7.06666666667
7.16111111111
7.25555555556
7.35
6.86944444444
6.95833333333
7.05
7.14166666667
7.23611111111
6.76111111111
6.85
6.94166666667
7.03055555556
7.125
6.65833333333
6.74444444444
6.83333333333
6.92222222222
7.01388888889
6.55555555556
6.64166666667
6.72777777778
6.81666666667
6.90555555556
6.45555555556
6.53888888889
6.625
6.71111111111
 6.8
6.35555555556
6.43888888889
6.52222222222
6.60833333333
6.69444444444
6.25833333333
6.34166666667
6.42222222222
6.50833333333
6.59166666667
6.16388888889
6.24444444444
6.325
6.40833333333
6.49166666667
6.06944444444
6.15
6.22777777778
6.31111111111
6.39166666667
5.97777777778
6.05555555556
6.13333333333
6.21388888889
6.29444444444
5.88611111111
5.96388888889
6.04166666667
6.11944444444
6.19722222222
5.79722222222
5.87222222222
5.95
6.025
6.10555555556
5.71111111111
5.78333333333
5.85833333333
5.93611111111
6.01111111111
5.625
5.69722222222
5.76944444444
5.84444444444
5.92222222222
5.53888888889
5.61111111111
5.68333333333
5.75833333333
5.83055555556
5.45555555556
5.52777777778
5.59722222222
5.66944444444
5.74444444444
5.375
5.44444444444
5.51388888889
5.58611111111
5.65833333333
5.29444444444
5.36111111111
5.43055555556
 5.5
5.57222222222
5.21388888889
5.28333333333
5.35
5.41944444444
5.48888888889
5.13611111111
5.20277777778
5.26944444444
5.33888888889
5.40555555556
5.06111111111
5.125
5.19166666667
5.25833333333
5.325
4.98611111111
5.05
5.11388888889
5.18055555556
5.24722222222
4.91111111111
4.975
5.03888888889
5.10277777778
5.16944444444
4.83888888889
 4.9
4.96388888889
5.02777777778
5.09166666667
4.76666666667
4.82777777778
4.89166666667
4.95277777778
5.01666666667
4.69722222222
4.75833333333
4.81944444444
4.88055555556
4.94166666667
4.62777777778
4.68611111111
4.74722222222
4.80833333333
4.86944444444
4.56111111111
4.61944444444
4.67777777778
4.73611111111
4.79722222222
4.49444444444
4.55
4.60833333333
4.66666666667
4.72777777778
4.42777777778
4.48333333333
4.54166666667
 4.6
4.65833333333
4.36388888889
4.41944444444
4.475
4.53055555556
4.58888888889
 4.3
4.35277777778
4.40833333333
4.46666666667
4.52222222222
4.23611111111
4.29166666667
4.34444444444
 4.4
4.45555555556
4.175
4.22777777778
4.28055555556
4.33611111111
4.39166666667
4.11388888889
4.16666666667
4.21944444444
4.27222222222
4.32777777778
4.05555555556
4.10555555556
4.15833333333
4.21111111111
4.26388888889
3.99722222222
4.04722222222
4.09722222222
4.15
4.20277777778
3.93888888889
3.98888888889
4.03888888889
4.09166666667
4.14166666667
3.88333333333
3.93055555556
3.98055555556
4.03055555556
4.08333333333
3.82777777778
3.875
3.925
3.97222222222
4.02222222222
3.77222222222
3.81944444444
3.86666666667
3.91666666667
3.96666666667
3.71666666667
3.76388888889
3.81111111111
3.86111111111
3.90833333333
3.66388888889
3.71111111111
3.75833333333
3.80555555556
3.85277777778
3.61388888889
3.65833333333
3.70277777778
3.75
3.79722222222
3.56111111111
3.60555555556
3.65
3.69722222222
3.74444444444
3.51111111111
3.55555555556
 3.6
3.64444444444
3.68888888889
3.46111111111
3.50555555556
3.54722222222
3.59166666667
3.63888888889
3.41111111111
3.45555555556
3.49722222222
3.54166666667
3.58611111111
3.36388888889
3.40555555556
3.44722222222
3.49166666667
3.53611111111
3.31666666667
3.35833333333
 3.4
3.44166666667
3.48611111111
3.26944444444
3.31111111111
3.35277777778
3.39444444444
3.43611111111
3.225
3.26388888889
3.30555555556
3.34722222222
3.38888888889
3.17777777778
3.21944444444
3.25833333333
 3.3
3.33888888889
3.13333333333
3.17222222222
3.21388888889
3.25277777778
3.29444444444
3.09166666667
3.12777777778
3.16666666667
3.20833333333
3.24722222222
3.04722222222
3.08611111111
3.12222222222
3.16111111111
3.20277777778
3.00555555556
3.04166666667
3.08055555556
3.11944444444
3.15833333333
2.96388888889
 3.0
3.03611111111
3.075
3.11388888889
2.92222222222
2.95833333333
2.99444444444
3.03333333333
3.06944444444
2.88055555556
2.91666666667
2.95277777778
2.98888888889
3.02777777778
2.84166666667
2.87777777778
2.91388888889
2.95
2.98611111111
2.80277777778
2.83611111111
2.87222222222
2.90833333333
2.94444444444
2.76388888889
2.79722222222
2.83333333333
2.86666666667
2.90277777778
2.725
2.76111111111
2.79444444444
2.82777777778
2.86388888889
2.68888888889
2.72222222222
2.75555555556
2.78888888889
2.825
2.65277777778
2.68611111111
2.71666666667
2.75
2.78611111111
2.61666666667
2.64722222222
2.68055555556
2.71388888889
2.74722222222
2.58055555556
2.61111111111
2.64444444444
2.67777777778
2.70833333333
2.54444444444
2.575
2.60833333333
2.63888888889
2.67222222222
2.51111111111
2.54166666667
2.57222222222
2.60277777778
2.63611111111
2.47777777778
2.50555555556
2.53888888889
2.56944444444
 2.6
2.44166666667
2.47222222222
2.50277777778
2.53333333333
2.56388888889
2.41111111111
2.43888888889
2.46944444444
 2.5
2.53055555556
2.37777777778
2.40555555556
2.43611111111
2.46666666667
2.49722222222
2.34444444444
2.375
2.40277777778
2.43333333333
2.46111111111
2.31388888889
2.34166666667
2.36944444444
 2.4
2.42777777778
2.28333333333
2.31111111111
2.33888888889
2.36666666667
2.39722222222
2.25277777778
2.28055555556
2.30833333333
2.33611111111
2.36388888889
2.22222222222
2.25
2.27777777778
2.30555555556
2.33333333333
2.19166666667
2.21944444444
2.24722222222
2.27222222222
 2.3
2.16388888889
2.18888888889
2.21666666667
2.24444444444
2.26944444444
2.13333333333
2.16111111111
2.18611111111
2.21388888889
2.23888888889
2.10555555556
2.13055555556
2.15833333333
2.18333333333
2.21111111111
2.07777777778
2.10277777778
2.12777777778
2.15555555556
2.18055555556
2.05
2.075
 2.1
2.12777777778
2.15277777778
2.025
2.04722222222
2.07222222222
2.09722222222
2.125
1.99722222222
2.02222222222
2.04722222222
2.06944444444
2.09444444444
1.97222222222
1.99444444444
2.01944444444
2.04444444444
2.06666666667
1.94444444444
1.96944444444
1.99166666667
2.01666666667
2.04166666667
1.91944444444
1.94166666667
1.96666666667
1.98888888889
2.01388888889
1.89444444444
1.91666666667
1.94166666667
1.96388888889
1.98611111111
1.86944444444
1.89166666667
1.91388888889
1.93888888889
1.96111111111
1.84444444444
1.86666666667
1.88888888889
1.91388888889
1.93611111111
1.82222222222
1.84444444444
1.86666666667
1.88888888889
1.91111111111
1.79722222222
1.81944444444
1.84166666667
1.86388888889
1.88611111111
1.775
1.79444444444
1.81666666667
1.83888888889
1.86111111111
1.75277777778
1.77222222222
1.79444444444
1.81388888889
1.83611111111
1.72777777778
1.75
1.76944444444
1.79166666667
1.81388888889
1.70555555556
1.72777777778
1.74722222222
1.76944444444
1.78888888889
1.68611111111
1.70555555556
1.725
1.74444444444
1.76666666667
1.66388888889
1.68333333333
1.70277777778
1.72222222222
1.74444444444
1.64166666667
1.66111111111
1.68055555556
 1.7
1.72222222222
1.61944444444
1.63888888889
1.65833333333
1.68055555556
 1.7
 1.6
1.61944444444
1.63888888889
1.65833333333
1.67777777778
1.58055555556
1.59722222222
1.61666666667
1.63611111111
1.65555555556
1.55833333333
1.57777777778
1.59722222222
1.61666666667
1.63611111111
1.53888888889
1.55833333333
1.57777777778
1.59444444444
1.61388888889
1.51944444444
1.53888888889
1.55555555556
1.575
1.59444444444
 1.5
1.51944444444
1.53611111111
1.55555555556
1.57222222222
1.48333333333
 1.5
1.51666666667
1.53611111111
1.55277777778
1.46388888889
1.48055555556
1.49722222222
1.51666666667
1.53333333333
1.44444444444
1.46111111111
1.47777777778
1.49722222222
1.51388888889
1.42777777778
1.44444444444
1.46111111111
1.47777777778
1.49444444444
1.40833333333
1.425
1.44166666667
1.45833333333
1.475
1.39166666667
1.40833333333
1.425
1.44166666667
1.45833333333
1.375
1.38888888889
1.40555555556
1.42222222222
1.43888888889
1.35555555556
1.37222222222
1.38888888889
1.40555555556
1.42222222222
1.33888888889
1.35555555556
1.37222222222
1.38611111111
1.40277777778
1.32222222222
1.33888888889
1.35555555556
1.36944444444
1.38611111111
1.30555555556
1.32222222222
1.33611111111
1.35277777778
1.36944444444
1.29166666667
1.30555555556
1.31944444444
1.33611111111
1.35277777778
1.275
1.28888888889
1.30555555556
1.31944444444
1.33611111111
1.25833333333
1.27222222222
1.28888888889
1.30277777778
1.31944444444
1.24444444444
1.25833333333
1.27222222222
1.28611111111
1.30277777778
1.22777777778
1.24166666667
1.25555555556
1.27222222222
1.28611111111
1.21388888889
1.22777777778
1.24166666667
1.25555555556
1.26944444444
1.19722222222
1.21111111111
1.225
1.23888888889
1.25555555556
1.18333333333
1.19722222222
1.21111111111
1.225
1.23888888889
1.16944444444
1.18333333333
1.19722222222
1.21111111111
1.225
1.15555555556
1.16666666667
1.18055555556
1.19444444444
1.20833333333
1.14166666667
1.15277777778
1.16666666667
1.18055555556
1.19444444444
1.12777777778
1.13888888889
1.15277777778
1.16666666667
1.18055555556
1.11388888889
1.125
1.13888888889
1.15277777778
1.16666666667
 1.1
1.11111111111
1.125
1.13888888889
1.15
1.08611111111
1.09722222222
1.11111111111
1.125
1.13611111111
1.07222222222
1.08611111111
1.09722222222
1.11111111111
1.12222222222
1.06111111111
1.07222222222
1.08333333333
1.09722222222
1.11111111111
1.04722222222
1.05833333333
1.07222222222
1.08333333333
1.09722222222
1.03333333333
1.04722222222
1.05833333333
1.06944444444
1.08333333333
1.02222222222
1.03333333333
1.04722222222
1.05833333333
1.06944444444
1.01111111111
1.02222222222
1.03333333333
1.04444444444
1.05833333333
0.997222222222
1.00833333333
1.02222222222
1.03333333333
1.04444444444
0.986111111111
0.997222222222
1.00833333333
1.01944444444
1.03333333333
0.975
0.986111111111
0.997222222222
1.00833333333
1.01944444444
0.963888888889
0.975
0.986111111111
0.997222222222
1.00833333333
0.95
0.961111111111
0.972222222222
0.983333333333
0.994444444444
0.938888888889
0.95
0.961111111111
0.972222222222
0.983333333333
0.927777777778
0.938888888889
0.95
0.961111111111
0.972222222222
0.916666666667
0.927777777778
0.938888888889
0.95
0.961111111111
0.908333333333
0.916666666667
0.927777777778
0.938888888889
0.95
0.897222222222
0.905555555556
0.916666666667
0.927777777778
0.938888888889
0.886111111111
0.897222222222
0.905555555556
0.916666666667
0.927777777778
0.875
0.886111111111
0.894444444444
0.905555555556
0.916666666667
0.863888888889
0.875
0.886111111111
0.894444444444
0.905555555556
0.855555555556
0.863888888889
0.875
0.883333333333
0.894444444444
0.844444444444
0.855555555556
0.863888888889
0.875
0.883333333333
0.836111111111
0.844444444444
0.855555555556
0.863888888889
0.875
0.825
0.836111111111
0.844444444444
0.852777777778
0.863888888889
0.816666666667
0.825
0.833333333333
0.844444444444
0.852777777778
0.805555555556
0.816666666667
0.825
0.833333333333
0.844444444444
0.797222222222
0.805555555556
0.813888888889
0.825
0.833333333333
0.788888888889
0.797222222222
0.805555555556
0.813888888889
0.825
0.777777777778
0.788888888889
0.797222222222
0.805555555556
0.813888888889
0.769444444444
0.777777777778
0.786111111111
0.797222222222
0.805555555556
0.761111111111
0.769444444444
0.777777777778
0.786111111111
0.797222222222
0.752777777778
0.761111111111
0.769444444444
0.777777777778
0.786111111111
0.744444444444
0.752777777778
0.761111111111
0.769444444444
0.777777777778
0.736111111111
0.744444444444
0.752777777778
0.761111111111
0.769444444444
0.727777777778
0.736111111111
0.744444444444
0.752777777778
0.761111111111
0.719444444444
0.727777777778
0.733333333333
0.741666666667
0.75
0.711111111111
0.719444444444
0.725
0.733333333333
0.741666666667
0.702777777778
0.711111111111
0.719444444444
0.725
0.733333333333
0.694444444444
0.702777777778
0.711111111111
0.716666666667
0.725
0.686111111111
0.694444444444
0.702777777778
0.708333333333
0.716666666667
0.677777777778
0.686111111111
0.694444444444
0.702777777778
0.708333333333
