37.7722222222
38.65
39.5472222222
40.4638888889
41.4027777778
37.1111111111
37.9722222222
38.8527777778
39.7527777778
40.675
36.4638888889
37.3083333333
38.1722222222
39.0583333333
39.9611111111
35.8277777778
36.6583333333
37.5055555556
38.375
39.2611111111
35.2055555556
36.0194444444
36.8527777778
37.7027777778
38.575
34.5944444444
35.3944444444
36.2111111111
37.0472222222
37.9027777778
33.9944444444
34.7805555556
35.5805555556
36.4027777778
37.2416666667
33.4083333333
34.1777777778
34.9638888889
35.7722222222
36.5944444444
32.8305555556
33.5861111111
34.3611111111
35.15
35.9611111111
32.2666666667
33.0083333333
33.7666666667
34.5444444444
35.3388888889
31.7111111111
32.4388888889
33.1861111111
33.9472222222
34.7277777778
31.1666666667
31.8833333333
32.6138888889
33.3638888889
34.1277777778
30.6333333333
31.3361111111
32.0555555556
32.7888888889
33.5416666667
30.1111111111
30.8
31.5055555556
32.2277777778
32.9666666667
29.5972222222
30.275
30.9666666667
31.675
32.4
29.0916666667
29.7583333333
30.4388888889
31.1333333333
31.8472222222
28.5972222222
29.2527777778
29.9194444444
30.6027777778
31.3027777778
28.1138888889
28.7555555556
29.4111111111
30.0833333333
30.7694444444
27.6388888889
28.2694444444
28.9138888889
29.5722222222
30.2444444444
27.1722222222
27.7888888889
28.4222222222
29.0694444444
29.7333333333
26.7138888889
27.3222222222
27.9416666667
28.5777777778
29.2277777778
26.2638888889
26.8611111111
27.4722222222
28.0972222222
28.7333333333
25.8222222222
26.4083333333
27.0083333333
27.6222222222
28.25
25.3916666667
25.9666666667
26.5555555556
27.1583333333
27.775
24.9666666667
25.5305555556
26.1111111111
26.7027777778
27.3055555556
24.55
25.1055555556
25.6722222222
26.2555555556
26.85
24.1388888889
24.6861111111
25.2444444444
25.8166666667
26.4
23.7388888889
24.275
24.8222222222
25.3833333333
25.9583333333
23.3444444444
23.8722222222
24.4111111111
24.9611111111
25.525
22.9583333333
23.475
24.0055555556
24.5472222222
25.1
22.5777777778
23.0861111111
23.6083333333
24.1388888889
24.6833333333
22.2055555556
22.7055555556
23.2166666667
23.7388888889
24.2722222222
21.8416666667
22.3305555556
22.8333333333
23.3472222222
23.8722222222
21.4805555556
21.9638888889
22.4583333333
22.9611111111
23.4777777778
21.1277777778
21.6027777778
22.0888888889
22.5833333333
23.0916666667
20.7833333333
21.25
21.725
22.2111111111
22.7111111111
20.4444444444
20.9
21.3694444444
21.8472222222
22.3361111111
20.1111111111
20.5611111111
21.0194444444
21.4888888889
21.9722222222
19.7833333333
20.225
20.6777777778
21.1388888889
21.6111111111
19.4611111111
19.8944444444
20.3388888889
20.7944444444
21.2583333333
19.1444444444
19.5722222222
20.0083333333
20.4555555556
20.9111111111
18.8361111111
19.2555555556
19.6833333333
20.1222222222
20.5722222222
18.5305555556
18.9444444444
19.3666666667
19.7972222222
20.2388888889
18.2333333333
18.6388888889
19.0527777778
19.4777777778
19.9111111111
17.9388888889
18.3388888889
18.7444444444
19.1611111111
19.5888888889
17.65
18.0416666667
18.4444444444
18.8527777778
19.2722222222
17.3666666667
17.7527777778
18.1472222222
18.55
18.9611111111
17.0888888889
17.4694444444
17.8555555556
18.2527777778
18.6555555556
16.8166666667
17.1888888889
17.5694444444
17.9583333333
18.3555555556
16.55
16.9138888889
17.2888888889
17.6722222222
18.0611111111
16.2861111111
16.6444444444
17.0138888889
17.3888888889
17.7722222222
16.0277777778
16.3805555556
16.7416666667
17.1111111111
17.4888888889
15.7722222222
16.1222222222
16.475
16.8388888889
17.2111111111
15.5222222222
15.8666666667
16.2138888889
16.5722222222
16.9361111111
15.2777777778
15.6138888889
15.9583333333
16.3083333333
16.6694444444
15.0388888889
15.3694444444
15.7055555556
16.0527777778
16.4055555556
14.8
15.125
15.4583333333
15.7972222222
16.1444444444
14.5694444444
14.8888888889
15.2138888889
15.55
15.8888888889
14.3388888889
14.6555555556
14.975
15.3055555556
15.6388888889
14.1166666667
14.425
14.7416666667
15.0638888889
15.3944444444
13.8944444444
14.2
14.5111111111
14.8277777778
15.1527777778
13.6777777778
13.9777777778
14.2833333333
14.5944444444
14.9138888889
13.4666666667
13.7611111111
14.0611111111
14.3666666667
14.6805555556
13.2583333333
13.5472222222
13.8416666667
14.1444444444
14.4527777778
13.0527777778
13.3361111111
13.6277777778
13.925
14.2277777778
12.85
13.1305555556
13.4166666667
13.7083333333
14.0055555556
12.65
12.9277777778
13.2083333333
13.4944444444
13.7888888889
12.4555555556
12.7277777778
13.0027777778
13.2861111111
13.575
12.2638888889
12.5305555556
12.8027777778
13.0805555556
13.3638888889
12.075
12.3388888889
12.6055555556
12.8805555556
13.1583333333
11.8916666667
12.15
12.4111111111
12.6805555556
12.9555555556
11.7083333333
11.9638888889
12.2222222222
12.4861111111
12.7583333333
11.5305555556
11.7805555556
12.0361111111
12.2944444444
12.5611111111
11.3555555556
11.6
11.85
12.1083333333
12.3694444444
11.1833333333
11.4222222222
11.6694444444
11.9222222222
12.1805555556
11.0111111111
11.25
11.4916666667
11.7416666667
11.9944444444
10.8444444444
11.0777777778
11.3166666667
11.5611111111
11.8111111111
10.6805555556
10.9111111111
11.1472222222
11.3861111111
11.6305555556
10.5194444444
10.7472222222
10.9777777778
11.2138888889
11.4555555556
10.3611111111
10.5833333333
10.8111111111
11.0444444444
11.2805555556
10.2055555556
10.425
10.6472222222
10.8777777778
11.1111111111
10.0527777778
10.2666666667
10.4888888889
10.7138888889
10.9416666667
9.90277777778
10.1138888889
10.3305555556
10.5527777778
10.7777777778
9.75277777778
9.96111111111
10.175
10.3944444444
10.6166666667
9.60833333333
9.81388888889
10.0222222222
10.2388888889
10.4555555556
9.46388888889
9.66666666667
9.87222222222
10.0833333333
10.3
9.325
9.52222222222
9.725
9.93333333333
10.1472222222
9.18611111111
9.38055555556
9.58055555556
9.78611111111
9.99444444444
9.05
9.24166666667
9.43888888889
9.63888888889
9.84444444444
8.91388888889
9.10555555556
 9.3
9.49722222222
 9.7
8.78333333333
8.96944444444
9.16111111111
9.35555555556
9.55555555556
8.65277777778
8.83888888889
9.025
9.21666666667
9.41388888889
8.52777777778
8.70833333333
8.89166666667
9.08055555556
9.275
 8.4
8.58055555556
8.76111111111
8.94722222222
9.13611111111
8.27777777778
8.45277777778
8.63333333333
8.81666666667
9.00277777778
8.15555555556
8.33055555556
8.50555555556
8.68611111111
8.86944444444
8.03888888889
8.20833333333
8.38055555556
8.55833333333
8.73888888889
7.91944444444
8.08888888889
8.25833333333
8.43333333333
8.61111111111
7.80555555556
7.96944444444
8.13888888889
8.31111111111
8.48611111111
7.69166666667
7.85277777778
8.01944444444
8.18888888889
8.36111111111
7.58055555556
7.73888888889
7.90277777778
8.06944444444
8.23888888889
7.46944444444
7.62777777778
7.78888888889
7.95277777778
8.11944444444
7.36111111111
7.51666666667
7.675
7.83611111111
8.00277777778
7.25555555556
7.40833333333
7.56388888889
7.72222222222
7.88611111111
7.15277777778
7.30277777778
7.45555555556
7.61111111111
7.77222222222
7.05
7.19722222222
7.34722222222
7.50277777778
7.65833333333
6.94722222222
7.09444444444
7.24166666667
7.39444444444
7.55
6.84722222222
6.99166666667
7.13888888889
7.28888888889
7.43888888889
6.75
6.89166666667
7.03611111111
7.18333333333
7.33333333333
6.65277777778
6.79166666667
6.93611111111
7.08055555556
7.22777777778
6.55833333333
6.69722222222
6.83611111111
6.97777777778
7.125
6.46666666667
 6.6
6.73888888889
6.87777777778
7.02222222222
6.375
6.50833333333
6.64166666667
6.78055555556
6.92222222222
6.28333333333
6.41388888889
6.54722222222
6.68333333333
6.825
6.19444444444
6.325
6.45555555556
6.58888888889
6.72777777778
6.10833333333
6.23333333333
6.36388888889
6.49722222222
6.63055555556
6.02222222222
6.14722222222
6.275
6.40555555556
6.53611111111
5.93611111111
6.06111111111
6.18611111111
6.31388888889
6.44444444444
5.85277777778
5.975
6.09722222222
6.225
6.35277777778
5.77222222222
5.89166666667
6.01388888889
6.13611111111
6.26388888889
5.69166666667
5.80833333333
5.92777777778
6.05
6.175
5.61111111111
5.72777777778
5.84444444444
5.96666666667
6.08888888889
5.53333333333
5.64722222222
5.76388888889
5.88333333333
6.00555555556
5.45555555556
5.56944444444
5.68333333333
 5.8
5.91944444444
5.38055555556
5.49166666667
5.60277777778
5.71944444444
5.83611111111
5.30555555556
5.41388888889
5.525
5.63888888889
5.75555555556
5.23055555556
5.33888888889
5.45
5.56111111111
5.675
5.15833333333
5.26666666667
5.375
5.48333333333
5.59722222222
5.08888888889
5.19166666667
 5.3
5.40833333333
5.51944444444
5.01944444444
5.12222222222
5.225
5.33333333333
5.44166666667
4.95
5.05
5.15555555556
5.26111111111
5.36666666667
4.88055555556
4.98055555556
5.08333333333
5.18611111111
5.29444444444
4.81388888889
4.91388888889
5.01388888889
5.11666666667
5.22222222222
4.74722222222
4.84444444444
4.94444444444
5.04722222222
5.15
4.68333333333
4.78055555556
4.87777777778
4.97777777778
5.07777777778
4.61944444444
4.71388888889
4.81111111111
4.90833333333
5.00833333333
4.55833333333
4.65
4.74444444444
4.84166666667
4.94166666667
4.49444444444
4.58611111111
4.68055555556
4.775
4.87222222222
4.43333333333
4.525
4.61666666667
4.71111111111
4.80555555556
4.375
4.46388888889
4.55277777778
4.64722222222
4.74166666667
4.31388888889
4.40277777778
4.49166666667
4.58333333333
4.67777777778
4.25555555556
4.34444444444
4.43055555556
4.52222222222
4.61388888889
 4.2
4.28611111111
4.37222222222
4.46111111111
4.55
4.14444444444
4.22777777778
4.31388888889
 4.4
4.48888888889
4.08888888889
4.16944444444
4.25555555556
4.34166666667
4.42777777778
4.03333333333
4.11388888889
4.19722222222
4.28333333333
4.36944444444
3.97777777778
4.05833333333
4.14166666667
4.225
4.31111111111
3.925
4.00555555556
4.08611111111
4.16944444444
4.25277777778
3.87222222222
3.95277777778
4.03055555556
4.11388888889
4.19444444444
3.82222222222
 3.9
3.97777777778
4.05833333333
4.13888888889
3.77222222222
3.84722222222
3.925
4.00277777778
4.08333333333
3.72222222222
3.79722222222
3.87222222222
3.95
4.03055555556
3.67222222222
3.74444444444
3.82222222222
3.89722222222
3.97777777778
3.62222222222
3.69722222222
3.76944444444
3.84722222222
3.92222222222
3.575
3.64722222222
3.71944444444
3.79444444444
3.87222222222
3.52777777778
 3.6
3.67222222222
3.74444444444
3.81944444444
3.48333333333
3.55277777778
3.62222222222
3.69722222222
3.76944444444
3.43611111111
3.50555555556
3.575
3.64722222222
3.71944444444
3.39166666667
3.45833333333
3.52777777778
 3.6
3.67222222222
3.34722222222
3.41388888889
3.48333333333
3.55277777778
3.62222222222
3.30277777778
3.36944444444
3.43611111111
3.50555555556
3.575
3.26111111111
3.325
3.39166666667
3.45833333333
3.52777777778
3.21944444444
3.28333333333
3.34722222222
3.41388888889
3.48333333333
3.175
3.23888888889
3.30277777778
3.36944444444
3.43611111111
3.13611111111
3.19722222222
3.26111111111
3.325
3.39166666667
3.09444444444
3.15555555556
3.21944444444
3.28333333333
3.34722222222
3.05555555556
3.11666666667
3.17777777778
3.24166666667
3.30555555556
3.01388888889
3.075
3.13611111111
3.19722222222
3.26111111111
2.97777777778
3.03611111111
3.09444444444
3.15833333333
3.21944444444
2.93888888889
2.99722222222
3.05555555556
3.11666666667
3.17777777778
 2.9
2.95833333333
3.01666666667
3.075
3.13611111111
2.86388888889
2.91944444444
2.97777777778
3.03611111111
3.09722222222
2.82777777778
2.88333333333
2.93888888889
2.99722222222
3.05555555556
2.79166666667
2.84444444444
2.90277777778
2.95833333333
3.01666666667
2.75555555556
2.80833333333
2.86388888889
2.92222222222
2.97777777778
2.71944444444
2.775
2.82777777778
2.88333333333
2.94166666667
2.68611111111
2.73888888889
2.79166666667
2.84722222222
2.90277777778
2.65277777778
2.70277777778
2.75555555556
2.81111111111
2.86666666667
2.61666666667
2.66944444444
2.72222222222
2.775
2.83055555556
2.58611111111
2.63611111111
2.68611111111
2.73888888889
2.79444444444
2.55277777778
2.60277777778
2.65277777778
2.70555555556
2.75833333333
2.51944444444
2.56944444444
2.61944444444
2.67222222222
2.725
2.48888888889
2.53611111111
2.58611111111
2.63888888889
2.68888888889
2.45833333333
2.50555555556
2.55555555556
2.60555555556
2.65555555556
2.42777777778
2.475
2.52222222222
2.57222222222
2.62222222222
2.39722222222
2.44166666667
2.49166666667
2.53888888889
2.58888888889
2.36666666667
2.41111111111
2.45833333333
2.50833333333
2.55555555556
2.33611111111
2.38333333333
2.42777777778
2.475
2.525
2.30833333333
2.35277777778
2.39722222222
2.44444444444
2.49166666667
2.27777777778
2.32222222222
2.36944444444
2.41388888889
2.46111111111
2.25
2.29444444444
2.33888888889
2.38333333333
2.43055555556
2.22222222222
2.26666666667
2.31111111111
2.35555555556
 2.4
2.19444444444
2.23888888889
2.28055555556
2.325
2.37222222222
2.16944444444
2.21111111111
2.25277777778
2.29722222222
2.34166666667
2.14166666667
2.18333333333
2.225
2.26944444444
2.31388888889
2.11388888889
2.15555555556
2.19722222222
2.24166666667
2.28333333333
2.08888888889
2.13055555556
2.17222222222
2.21388888889
2.25555555556
2.06388888889
2.10277777778
2.14444444444
2.18611111111
2.22777777778
2.03888888889
2.07777777778
2.11666666667
2.15833333333
 2.2
2.01388888889
2.05277777778
2.09166666667
2.13333333333
2.17222222222
