8.49444444444
8.59722222222
 8.7
8.80555555556
8.91111111111
8.35833333333
8.45833333333
8.56111111111
8.66388888889
8.76944444444
8.225
8.325
8.425
8.525
8.62777777778
8.09444444444
8.19166666667
8.28888888889
8.38888888889
8.48888888889
7.96388888889
8.06111111111
8.15833333333
8.25555555556
8.35277777778
7.83888888889
7.93333333333
8.02777777778
8.12222222222
8.21944444444
7.71388888889
7.80555555556
 7.9
7.99444444444
8.08888888889
7.59166666667
7.68333333333
7.775
7.86666666667
7.96111111111
7.47222222222
7.56111111111
7.65
7.74166666667
7.83611111111
7.35277777778
7.44166666667
7.53055555556
7.61944444444
7.71111111111
7.23888888889
7.325
7.41111111111
 7.5
7.58888888889
7.125
7.20833333333
7.29444444444
7.38055555556
7.46944444444
7.01111111111
7.09722222222
7.18055555556
7.26666666667
7.35277777778
6.90277777778
6.98333333333
7.06666666667
7.15277777778
7.23611111111
6.79444444444
6.875
6.95833333333
7.03888888889
7.12222222222
6.68888888889
6.76944444444
6.84722222222
6.93055555556
7.01111111111
6.58611111111
6.66388888889
6.74166666667
6.82222222222
6.90277777778
6.48333333333
6.55833333333
6.63611111111
6.71666666667
6.79444444444
6.38333333333
6.45833333333
6.53333333333
6.61111111111
6.68888888889
6.28333333333
6.35833333333
6.43333333333
6.50833333333
6.58611111111
6.18611111111
6.25833333333
6.33333333333
6.40833333333
6.48333333333
6.09166666667
6.16388888889
6.23611111111
6.30833333333
6.38333333333
5.99722222222
6.06666666667
6.13888888889
6.21111111111
6.28611111111
5.90555555556
5.975
6.04444444444
6.11666666667
6.18888888889
5.81388888889
5.88333333333
5.95277777778
6.02222222222
6.09444444444
5.725
5.79444444444
5.86111111111
5.93055555556
 6.0
5.63888888889
5.70555555556
5.77222222222
5.83888888889
5.90833333333
5.55277777778
5.61666666667
5.68333333333
5.75
5.81666666667
5.46944444444
5.53333333333
5.59722222222
5.66388888889
5.72777777778
5.38611111111
5.44722222222
5.51111111111
5.57777777778
5.64166666667
5.30277777778
5.36666666667
5.42777777778
5.49166666667
5.55555555556
5.22222222222
5.28333333333
5.34722222222
5.40833333333
5.47222222222
5.14444444444
5.20555555556
5.26666666667
5.32777777778
5.38888888889
5.06666666667
5.12777777778
5.18611111111
5.24722222222
5.30833333333
4.99166666667
5.05
5.10833333333
5.16666666667
5.22777777778
4.91666666667
4.97222222222
5.03055555556
5.08888888889
5.15
4.84166666667
 4.9
4.95555555556
5.01388888889
5.07222222222
4.76944444444
4.825
4.88055555556
4.93888888889
4.99722222222
 4.7
4.75277777778
4.80833333333
4.86388888889
4.92222222222
4.63055555556
4.68333333333
4.73611111111
4.79166666667
4.84722222222
4.56111111111
4.61388888889
4.66666666667
4.72222222222
4.775
4.49166666667
4.54444444444
4.59722222222
4.65
4.70555555556
4.42777777778
4.47777777778
4.53055555556
4.58055555556
4.63611111111
4.36111111111
4.41111111111
4.46111111111
4.51388888889
4.56666666667
4.29722222222
4.34722222222
4.39722222222
4.44722222222
4.49722222222
4.23333333333
4.28333333333
4.33055555556
4.38055555556
4.43333333333
4.17222222222
4.21944444444
4.26944444444
4.31666666667
4.36666666667
4.11111111111
4.15833333333
4.20555555556
4.25277777778
4.30277777778
4.05
4.09722222222
4.14444444444
4.19166666667
4.23888888889
3.99166666667
4.03611111111
4.08333333333
4.13055555556
4.17777777778
3.93333333333
3.97777777778
4.025
4.06944444444
4.11666666667
3.875
3.91944444444
3.96388888889
4.01111111111
4.05555555556
3.81944444444
3.86388888889
3.90833333333
3.95277777778
3.99722222222
3.76388888889
3.80833333333
3.85
3.89444444444
3.93888888889
3.70833333333
3.75277777778
3.79444444444
3.83888888889
3.88333333333
3.65555555556
3.69722222222
3.73888888889
3.78333333333
3.825
3.60277777778
3.64444444444
3.68611111111
3.72777777778
3.76944444444
3.55277777778
3.59166666667
3.63333333333
3.675
3.71666666667
 3.5
3.54166666667
3.58055555556
3.62222222222
3.66388888889
3.45
3.48888888889
3.53055555556
3.56944444444
3.61111111111
 3.4
3.43888888889
3.47777777778
3.51944444444
3.55833333333
3.35277777778
3.39166666667
3.42777777778
3.46666666667
3.50833333333
3.30555555556
3.34166666667
3.38055555556
3.41944444444
3.45833333333
3.25833333333
3.29444444444
3.33333333333
3.36944444444
3.40833333333
3.21111111111
3.24722222222
3.28333333333
3.32222222222
3.35833333333
3.16666666667
3.20277777778
3.23888888889
3.275
3.31111111111
3.12222222222
3.15555555556
3.19166666667
3.22777777778
3.26388888889
3.07777777778
3.11111111111
3.14722222222
3.18333333333
3.21944444444
3.03333333333
3.06944444444
3.10277777778
3.13888888889
3.17222222222
2.99166666667
3.025
3.05833333333
3.09444444444
3.12777777778
2.95
2.98333333333
3.01666666667
3.05
3.08333333333
2.90833333333
2.94166666667
2.975
3.00833333333
3.04166666667
2.86666666667
 2.9
2.93333333333
2.96388888889
2.99722222222
2.82777777778
2.85833333333
2.89166666667
2.92222222222
2.95555555556
2.78888888889
2.81944444444
2.85
2.88333333333
2.91388888889
2.75
2.78055555556
2.81111111111
2.84166666667
2.875
2.71111111111
2.74166666667
2.77222222222
2.80277777778
2.83333333333
2.67222222222
2.70277777778
2.73333333333
2.76388888889
2.79444444444
2.63611111111
2.66666666667
2.69444444444
2.725
2.75555555556
 2.6
2.62777777778
2.65833333333
2.68888888889
2.71666666667
2.56388888889
2.59166666667
2.62222222222
2.65
2.68055555556
2.52777777778
2.55833333333
2.58611111111
2.61388888889
2.64444444444
2.49444444444
2.52222222222
2.55
2.57777777778
2.60833333333
2.46111111111
2.48611111111
2.51388888889
2.54166666667
2.57222222222
2.42777777778
2.45277777778
2.48055555556
2.50833333333
2.53611111111
2.39444444444
2.41944444444
2.44722222222
2.475
 2.5
2.36111111111
2.38611111111
2.41388888889
2.43888888889
2.46666666667
2.32777777778
2.35555555556
2.38055555556
2.40555555556
2.43333333333
2.29722222222
2.32222222222
2.34722222222
2.375
 2.4
2.26666666667
2.29166666667
2.31666666667
2.34166666667
2.36666666667
2.23611111111
2.26111111111
2.28611111111
2.31111111111
2.33611111111
2.20555555556
2.23055555556
2.25277777778
2.27777777778
2.30277777778
2.175
 2.2
2.22222222222
2.24722222222
2.27222222222
2.14722222222
2.16944444444
2.19444444444
2.21666666667
2.24166666667
2.11666666667
2.14166666667
2.16388888889
2.18888888889
2.21111111111
2.08888888889
2.11111111111
2.13611111111
2.15833333333
2.18333333333
2.06111111111
2.08333333333
2.10555555556
2.13055555556
2.15277777778
2.03333333333
2.05555555556
2.07777777778
 2.1
2.125
2.00555555556
2.02777777778
2.05
2.07222222222
2.09444444444
1.98055555556
 2.0
2.02222222222
2.04444444444
2.06666666667
1.95277777778
1.975
1.99722222222
2.01944444444
2.03888888889
1.92777777778
1.94722222222
1.96944444444
1.99166666667
2.01388888889
1.90277777778
1.92222222222
1.94444444444
1.96388888889
1.98611111111
1.87777777778
1.89722222222
1.91666666667
1.93888888889
1.96111111111
1.85277777778
1.87222222222
1.89166666667
1.91388888889
1.93333333333
1.82777777778
1.84722222222
1.86666666667
1.88888888889
1.90833333333
1.80277777778
1.82222222222
1.84444444444
1.86388888889
1.88333333333
1.78055555556
 1.8
1.81944444444
1.83888888889
1.85833333333
1.75555555556
1.775
1.79444444444
1.81388888889
1.83333333333
1.73333333333
1.75277777778
1.77222222222
1.79166666667
1.81111111111
1.71111111111
1.73055555556
1.74722222222
1.76666666667
1.78611111111
1.68888888889
1.70833333333
1.725
1.74444444444
1.76388888889
1.66666666667
1.68611111111
1.70277777778
1.72222222222
1.73888888889
1.64444444444
1.66388888889
1.68055555556
 1.7
1.71666666667
1.625
1.64166666667
1.65833333333
1.67777777778
1.69444444444
1.60277777778
1.61944444444
1.63888888889
1.65555555556
1.67222222222
1.58333333333
 1.6
1.61666666667
1.63333333333
1.65277777778
1.56111111111
1.57777777778
1.59444444444
1.61388888889
1.63055555556
1.54166666667
1.55833333333
1.575
1.59166666667
1.60833333333
1.52222222222
1.53888888889
1.55555555556
1.57222222222
1.58888888889
1.50277777778
1.51944444444
1.53611111111
1.55277777778
1.56944444444
1.48333333333
 1.5
1.51666666667
1.53055555556
1.54722222222
1.46388888889
1.48055555556
1.49722222222
1.51111111111
1.52777777778
1.44444444444
1.46111111111
1.47777777778
1.49166666667
1.50833333333
1.42777777778
1.44166666667
1.45833333333
1.475
1.48888888889
1.40833333333
1.425
1.43888888889
1.45555555556
1.46944444444
1.39166666667
1.40555555556
1.42222222222
1.43611111111
1.45277777778
1.375
1.38888888889
1.40277777778
1.41944444444
1.43333333333
1.35555555556
1.37222222222
1.38611111111
 1.4
1.41388888889
1.33888888889
1.35277777778
1.36666666667
1.38333333333
1.39722222222
1.32222222222
1.33611111111
1.35
1.36388888889
1.38055555556
1.30555555556
1.31944444444
1.33333333333
1.34722222222
1.36111111111
1.28888888889
1.30277777778
1.31666666667
1.33055555556
1.34444444444
1.27222222222
1.28611111111
 1.3
1.31388888889
1.32777777778
1.25833333333
1.26944444444
1.28333333333
1.29722222222
1.31111111111
1.24166666667
1.25555555556
1.26944444444
1.28055555556
1.29444444444
1.225
1.23888888889
1.25277777778
1.26666666667
1.27777777778
1.21111111111
1.225
1.23611111111
1.25
1.26388888889
1.19722222222
1.20833333333
1.22222222222
1.23333333333
1.24722222222
1.18055555556
1.19444444444
1.20555555556
1.21944444444
1.23055555556
1.16666666667
1.17777777778
1.19166666667
1.20277777778
1.21666666667
1.15277777778
1.16388888889
1.17777777778
1.18888888889
1.20277777778
1.13888888889
1.15
1.16111111111
1.175
1.18611111111
1.125
1.13611111111
1.14722222222
1.16111111111
1.17222222222
1.11111111111
1.12222222222
1.13333333333
1.14444444444
1.15833333333
1.09722222222
1.10833333333
1.11944444444
1.13055555556
1.14444444444
1.08333333333
1.09444444444
1.10555555556
1.11666666667
1.13055555556
1.06944444444
1.08055555556
1.09166666667
1.10277777778
1.11666666667
1.05555555556
1.06666666667
1.07777777778
1.09166666667
1.10277777778
1.04444444444
1.05555555556
1.06666666667
1.07777777778
1.08888888889
1.03055555556
1.04166666667
1.05277777778
1.06388888889
1.075
1.01944444444
1.03055555556
1.03888888889
1.05
1.06111111111
1.00555555556
1.01666666667
1.02777777778
1.03888888889
1.05
0.994444444444
1.00555555556
1.01388888889
1.025
1.03611111111
0.983333333333
0.991666666667
1.00277777778
1.01388888889
1.025
0.969444444444
0.980555555556
0.991666666667
 1.0
1.01111111111
0.958333333333
0.969444444444
0.977777777778
0.988888888889
 1.0
0.947222222222
0.958333333333
0.966666666667
0.977777777778
0.986111111111
0.936111111111
0.944444444444
0.955555555556
0.966666666667
0.975
0.925
0.933333333333
0.944444444444
0.952777777778
0.963888888889
0.913888888889
0.922222222222
0.933333333333
0.941666666667
0.952777777778
0.902777777778
0.911111111111
0.922222222222
0.930555555556
0.941666666667
0.891666666667
 0.9
0.911111111111
0.919444444444
0.930555555556
0.880555555556
0.891666666667
 0.9
0.908333333333
0.919444444444
0.872222222222
0.880555555556
0.888888888889
0.897222222222
0.908333333333
0.861111111111
0.869444444444
0.877777777778
0.888888888889
0.897222222222
0.85
0.858333333333
0.869444444444
0.877777777778
0.886111111111
0.841666666667
0.85
0.858333333333
0.866666666667
0.875
0.830555555556
0.838888888889
0.847222222222
0.855555555556
0.866666666667
0.822222222222
0.830555555556
0.838888888889
0.847222222222
0.855555555556
0.811111111111
0.819444444444
0.827777777778
0.836111111111
0.844444444444
0.802777777778
0.811111111111
0.819444444444
0.827777777778
0.836111111111
0.791666666667
 0.8
0.808333333333
0.816666666667
0.825
0.783333333333
0.791666666667
 0.8
0.808333333333
0.816666666667
0.775
0.780555555556
0.788888888889
0.797222222222
0.805555555556
0.763888888889
0.772222222222
0.780555555556
0.788888888889
0.797222222222
0.755555555556
0.763888888889
0.772222222222
0.780555555556
0.786111111111
0.747222222222
0.755555555556
0.763888888889
0.769444444444
0.777777777778
0.738888888889
0.747222222222
0.752777777778
0.761111111111
0.769444444444
0.730555555556
0.738888888889
0.744444444444
0.752777777778
0.761111111111
0.722222222222
0.727777777778
0.736111111111
0.744444444444
0.752777777778
0.713888888889
0.719444444444
0.727777777778
0.736111111111
0.741666666667
0.705555555556
0.711111111111
0.719444444444
0.727777777778
0.733333333333
0.697222222222
0.705555555556
0.711111111111
0.719444444444
0.725
0.688888888889
0.697222222222
0.702777777778
0.711111111111
0.716666666667
0.680555555556
0.688888888889
0.694444444444
0.702777777778
0.708333333333
0.672222222222
0.680555555556
0.686111111111
0.694444444444
 0.7
0.666666666667
0.672222222222
0.680555555556
0.686111111111
0.694444444444
0.658333333333
0.663888888889
0.672222222222
0.677777777778
0.686111111111
0.65
0.658333333333
0.663888888889
0.669444444444
0.677777777778
0.644444444444
0.65
0.655555555556
0.663888888889
0.669444444444
0.636111111111
0.641666666667
0.65
0.655555555556
0.661111111111
0.627777777778
0.636111111111
0.641666666667
0.647222222222
0.655555555556
0.622222222222
0.627777777778
0.633333333333
0.641666666667
0.647222222222
0.613888888889
0.622222222222
0.627777777778
0.633333333333
0.638888888889
0.608333333333
0.613888888889
0.619444444444
0.627777777778
0.633333333333
 0.6
0.608333333333
0.613888888889
0.619444444444
0.625
0.594444444444
 0.6
0.605555555556
0.611111111111
0.619444444444
0.588888888889
0.594444444444
 0.6
0.605555555556
0.611111111111
0.580555555556
0.586111111111
0.591666666667
 0.6
0.605555555556
