2.775
2.78611111111
2.79444444444
2.80555555556
2.81666666667
2.73333333333
2.74444444444
2.75277777778
2.76388888889
2.775
2.69166666667
2.70277777778
2.71388888889
2.72222222222
2.73333333333
2.65277777778
2.66388888889
2.67222222222
2.68333333333
2.69166666667
2.61388888889
2.62222222222
2.63333333333
2.64166666667
2.65277777778
2.575
2.58333333333
2.59444444444
2.60277777778
2.61388888889
2.53611111111
2.54722222222
2.55555555556
2.56388888889
2.575
 2.5
2.50833333333
2.51666666667
2.52777777778
2.53611111111
2.46388888889
2.47222222222
2.48055555556
2.48888888889
 2.5
2.425
2.43611111111
2.44444444444
2.45277777778
2.46388888889
2.39166666667
 2.4
2.40833333333
2.41666666667
2.42777777778
2.35555555556
2.36388888889
2.37222222222
2.38333333333
2.39166666667
2.32222222222
2.33055555556
2.33888888889
2.34722222222
2.35555555556
2.28888888889
2.29722222222
2.30555555556
2.31388888889
2.32222222222
2.25555555556
2.26388888889
2.27222222222
2.28055555556
2.28888888889
2.22222222222
2.23055555556
2.23888888889
2.24722222222
2.25555555556
2.18888888889
2.19722222222
2.20555555556
2.21388888889
2.22222222222
2.15833333333
2.16666666667
2.175
2.18055555556
2.18888888889
2.12777777778
2.13333333333
2.14166666667
2.15
2.15833333333
2.09722222222
2.10277777778
2.11111111111
2.11944444444
2.12777777778
2.06666666667
2.07222222222
2.08055555556
2.08888888889
2.09722222222
2.03611111111
2.04444444444
2.05
2.05833333333
2.06666666667
2.00833333333
2.01388888889
2.02222222222
2.03055555556
2.03611111111
1.97777777778
1.98611111111
1.99166666667
 2.0
2.00833333333
1.95
1.95833333333
1.96388888889
1.97222222222
1.97777777778
1.92222222222
1.93055555556
1.93611111111
1.94444444444
1.95
1.89444444444
1.90277777778
1.90833333333
1.91666666667
1.92222222222
1.86944444444
1.875
1.88333333333
1.88888888889
1.89444444444
1.84166666667
1.85
1.85555555556
1.86111111111
1.86944444444
1.81666666667
1.82222222222
1.83055555556
1.83611111111
1.84166666667
1.79166666667
1.79722222222
1.80277777778
1.81111111111
1.81666666667
1.76388888889
1.77222222222
1.77777777778
1.78333333333
1.79166666667
1.74166666667
1.74722222222
1.75277777778
1.75833333333
1.76666666667
1.71666666667
1.72222222222
1.72777777778
1.73611111111
1.74166666667
1.69166666667
1.69722222222
1.70555555556
1.71111111111
1.71666666667
1.66944444444
1.675
1.68055555556
1.68611111111
1.69166666667
1.64444444444
1.65
1.65833333333
1.66388888889
1.66944444444
1.62222222222
1.62777777778
1.63333333333
1.63888888889
1.64722222222
 1.6
1.60555555556
1.61111111111
1.61666666667
1.62222222222
1.57777777778
1.58333333333
1.58888888889
1.59444444444
 1.6
1.55555555556
1.56111111111
1.56666666667
1.57222222222
1.57777777778
1.53333333333
1.53888888889
1.54444444444
1.55
1.55555555556
1.51388888889
1.51944444444
1.525
1.53055555556
1.53611111111
1.49166666667
1.49722222222
1.50277777778
1.50833333333
1.51388888889
1.47222222222
1.47777777778
1.48333333333
1.48888888889
1.49444444444
1.45277777778
1.45833333333
1.46111111111
1.46666666667
1.47222222222
1.43055555556
1.43611111111
1.44166666667
1.44722222222
1.45277777778
1.41111111111
1.41666666667
1.42222222222
1.42777777778
1.43333333333
1.39444444444
1.39722222222
1.40277777778
1.40833333333
1.41388888889
1.375
1.37777777778
1.38333333333
1.38888888889
1.39444444444
1.35555555556
1.36111111111
1.36666666667
1.36944444444
1.375
1.33611111111
1.34166666667
1.34722222222
1.35277777778
1.35555555556
1.31944444444
1.325
1.32777777778
1.33333333333
1.33888888889
 1.3
1.30555555556
1.31111111111
1.31666666667
1.31944444444
1.28333333333
1.28888888889
1.29166666667
1.29722222222
1.30277777778
1.26666666667
1.27222222222
1.275
1.28055555556
1.28611111111
1.25
1.25277777778
1.25833333333
1.26388888889
1.26666666667
1.23333333333
1.23611111111
1.24166666667
1.24722222222
1.25
1.21666666667
1.21944444444
1.225
1.23055555556
1.23333333333
 1.2
1.20555555556
1.20833333333
1.21388888889
1.21666666667
1.18333333333
1.18888888889
1.19166666667
1.19722222222
 1.2
1.16944444444
1.17222222222
1.17777777778
1.18055555556
1.18611111111
1.15277777778
1.15833333333
1.16111111111
1.16666666667
1.16944444444
1.13888888889
1.14166666667
1.14444444444
1.15
1.15277777778
1.12222222222
1.12777777778
1.13055555556
1.13333333333
1.13888888889
1.10833333333
1.11111111111
1.11666666667
1.11944444444
1.125
1.09444444444
1.09722222222
 1.1
1.10555555556
1.10833333333
1.07777777778
1.08333333333
1.08611111111
1.09166666667
1.09444444444
1.06388888889
1.06944444444
1.07222222222
1.075
1.08055555556
1.05
1.05555555556
1.05833333333
1.06111111111
1.06666666667
1.03611111111
1.04166666667
1.04444444444
1.04722222222
1.05277777778
1.025
1.02777777778
1.03055555556
1.03333333333
1.03888888889
1.01111111111
1.01388888889
1.01666666667
1.02222222222
1.025
0.997222222222
 1.0
1.00555555556
1.00833333333
1.01111111111
0.983333333333
0.988888888889
0.991666666667
0.994444444444
0.997222222222
0.972222222222
0.975
0.977777777778
0.980555555556
0.986111111111
0.958333333333
0.961111111111
0.966666666667
0.969444444444
0.972222222222
0.947222222222
0.95
0.952777777778
0.955555555556
0.961111111111
0.933333333333
0.938888888889
0.941666666667
0.944444444444
0.947222222222
0.922222222222
0.925
0.927777777778
0.933333333333
0.936111111111
0.911111111111
0.913888888889
0.916666666667
0.919444444444
0.922222222222
 0.9
0.902777777778
0.905555555556
0.908333333333
0.911111111111
0.888888888889
0.891666666667
0.894444444444
0.897222222222
 0.9
0.875
0.880555555556
0.883333333333
0.886111111111
0.888888888889
0.863888888889
0.869444444444
0.872222222222
0.875
0.877777777778
0.852777777778
0.858333333333
0.861111111111
0.863888888889
0.866666666667
0.844444444444
0.847222222222
0.85
0.852777777778
0.855555555556
0.833333333333
0.836111111111
0.838888888889
0.841666666667
0.844444444444
0.822222222222
0.825
0.827777777778
0.830555555556
0.833333333333
0.811111111111
0.813888888889
0.816666666667
0.819444444444
0.822222222222
0.802777777778
0.805555555556
0.808333333333
0.811111111111
0.813888888889
0.791666666667
0.794444444444
0.797222222222
 0.8
0.802777777778
0.780555555556
0.783333333333
0.786111111111
0.788888888889
0.791666666667
0.772222222222
0.775
0.777777777778
0.780555555556
0.783333333333
0.761111111111
0.763888888889
0.766666666667
0.769444444444
0.772222222222
0.752777777778
0.755555555556
0.758333333333
0.761111111111
0.763888888889
0.744444444444
0.744444444444
0.747222222222
0.75
0.752777777778
0.733333333333
0.736111111111
0.738888888889
0.741666666667
0.744444444444
0.725
0.727777777778
0.730555555556
0.733333333333
0.736111111111
0.716666666667
0.719444444444
0.722222222222
0.722222222222
0.725
0.708333333333
0.708333333333
0.711111111111
0.713888888889
0.716666666667
0.697222222222
 0.7
0.702777777778
0.705555555556
0.708333333333
0.688888888889
0.691666666667
0.694444444444
0.697222222222
 0.7
0.680555555556
0.683333333333
0.686111111111
0.688888888889
0.691666666667
0.672222222222
0.675
0.677777777778
0.680555555556
0.683333333333
0.663888888889
0.666666666667
0.669444444444
0.672222222222
0.675
0.655555555556
0.658333333333
0.661111111111
0.663888888889
0.666666666667
0.65
0.65
0.652777777778
0.655555555556
0.658333333333
0.641666666667
0.641666666667
0.644444444444
0.647222222222
0.65
0.633333333333
0.636111111111
0.636111111111
0.638888888889
0.641666666667
0.625
0.627777777778
0.630555555556
0.630555555556
0.633333333333
0.616666666667
0.619444444444
0.622222222222
0.625
0.625
0.611111111111
0.611111111111
0.613888888889
0.616666666667
0.619444444444
0.602777777778
0.605555555556
0.608333333333
0.608333333333
0.611111111111
0.594444444444
0.597222222222
 0.6
0.602777777778
0.602777777778
0.588888888889
0.591666666667
0.591666666667
0.594444444444
0.597222222222
0.580555555556
0.583333333333
0.586111111111
0.586111111111
0.588888888889
0.575
0.575
0.577777777778
0.580555555556
0.583333333333
0.566666666667
0.569444444444
0.572222222222
0.572222222222
0.575
0.561111111111
0.563888888889
0.563888888889
0.566666666667
0.569444444444
0.552777777778
0.555555555556
0.558333333333
0.561111111111
0.561111111111
0.547222222222
0.55
0.55
0.552777777778
0.555555555556
0.541666666667
0.541666666667
0.544444444444
0.547222222222
0.547222222222
0.533333333333
0.536111111111
0.538888888889
0.538888888889
0.541666666667
0.527777777778
0.530555555556
0.530555555556
0.533333333333
0.536111111111
0.522222222222
0.525
0.525
0.527777777778
0.527777777778
0.516666666667
0.516666666667
0.519444444444
0.522222222222
0.522222222222
0.511111111111
0.511111111111
0.513888888889
0.513888888889
0.516666666667
0.502777777778
0.505555555556
0.508333333333
0.508333333333
0.511111111111
0.497222222222
 0.5
 0.5
0.502777777778
0.505555555556
0.491666666667
0.494444444444
0.494444444444
0.497222222222
 0.5
0.486111111111
0.488888888889
0.488888888889
0.491666666667
0.491666666667
0.480555555556
0.483333333333
0.483333333333
0.486111111111
0.486111111111
0.475
0.477777777778
0.477777777778
0.480555555556
0.480555555556
0.469444444444
0.472222222222
0.472222222222
0.475
0.475
0.463888888889
0.466666666667
0.466666666667
0.469444444444
0.469444444444
0.458333333333
0.461111111111
0.461111111111
0.463888888889
0.463888888889
0.452777777778
0.455555555556
0.455555555556
0.458333333333
0.458333333333
0.447222222222
0.45
0.45
0.452777777778
0.455555555556
0.444444444444
0.444444444444
0.447222222222
0.447222222222
0.45
0.438888888889
0.438888888889
0.441666666667
0.441666666667
0.444444444444
0.433333333333
0.433333333333
0.436111111111
0.436111111111
0.438888888889
0.427777777778
0.430555555556
0.430555555556
0.433333333333
0.433333333333
0.422222222222
0.425
0.425
0.427777777778
0.427777777778
0.419444444444
0.419444444444
0.422222222222
0.422222222222
0.425
0.413888888889
0.413888888889
0.416666666667
0.416666666667
0.419444444444
0.408333333333
0.411111111111
0.411111111111
0.413888888889
0.413888888889
0.405555555556
0.405555555556
0.405555555556
0.408333333333
0.408333333333
 0.4
 0.4
0.402777777778
0.402777777778
0.405555555556
0.394444444444
0.397222222222
0.397222222222
 0.4
 0.4
0.391666666667
0.391666666667
0.394444444444
0.394444444444
0.394444444444
0.386111111111
0.388888888889
0.388888888889
0.388888888889
0.391666666667
0.380555555556
0.383333333333
0.383333333333
0.386111111111
0.386111111111
0.377777777778
0.377777777778
0.380555555556
0.380555555556
0.383333333333
0.372222222222
0.375
0.375
0.377777777778
0.377777777778
0.369444444444
0.369444444444
0.372222222222
0.372222222222
0.375
0.363888888889
0.366666666667
0.366666666667
0.369444444444
0.369444444444
0.361111111111
0.361111111111
0.363888888889
0.363888888889
0.366666666667
0.358333333333
0.358333333333
0.358333333333
0.361111111111
0.361111111111
0.352777777778
0.355555555556
0.355555555556
0.355555555556
0.358333333333
0.35
0.35
0.352777777778
0.352777777778
0.352777777778
0.344444444444
0.347222222222
0.347222222222
0.35
0.35
0.341666666667
0.341666666667
0.344444444444
0.344444444444
0.347222222222
0.338888888889
0.338888888889
0.338888888889
0.341666666667
0.341666666667
0.333333333333
0.336111111111
0.336111111111
0.336111111111
0.338888888889
0.330555555556
0.330555555556
0.333333333333
0.333333333333
0.333333333333
0.327777777778
0.327777777778
0.327777777778
0.330555555556
0.330555555556
0.322222222222
0.325
0.325
0.325
0.327777777778
0.319444444444
0.319444444444
0.322222222222
0.322222222222
0.325
0.316666666667
0.316666666667
0.319444444444
0.319444444444
0.319444444444
0.313888888889
0.313888888889
0.313888888889
0.316666666667
0.316666666667
0.308333333333
0.311111111111
0.311111111111
0.311111111111
0.313888888889
0.305555555556
0.305555555556
0.308333333333
0.308333333333
0.311111111111
0.302777777778
0.302777777778
0.305555555556
0.305555555556
0.305555555556
 0.3
 0.3
 0.3
0.302777777778
0.302777777778
0.297222222222
0.297222222222
0.297222222222
 0.3
 0.3
0.291666666667
0.294444444444
0.294444444444
0.294444444444
0.297222222222
0.288888888889
0.291666666667
0.291666666667
0.291666666667
0.294444444444
0.286111111111
0.288888888889
0.288888888889
0.288888888889
0.288888888889
0.283333333333
0.283333333333
0.286111111111
0.286111111111
0.286111111111
0.280555555556
0.280555555556
0.283333333333
0.283333333333
0.283333333333
0.277777777778
0.277777777778
0.280555555556
0.280555555556
0.280555555556
0.275
0.275
0.275
0.277777777778
0.277777777778
0.272222222222
0.272222222222
0.272222222222
0.275
0.275
0.269444444444
0.269444444444
0.269444444444
0.272222222222
0.272222222222
0.266666666667
0.266666666667
0.266666666667
0.269444444444
0.269444444444
0.263888888889
0.263888888889
0.263888888889
0.266666666667
0.266666666667
0.261111111111
0.261111111111
0.261111111111
0.263888888889
0.263888888889
0.258333333333
0.258333333333
0.258333333333
0.261111111111
0.261111111111
0.255555555556
0.255555555556
0.255555555556
0.258333333333
0.258333333333
0.252777777778
0.252777777778
0.252777777778
0.255555555556
0.255555555556
0.25
0.25
0.25
0.252777777778
0.252777777778
0.247222222222
0.247222222222
0.247222222222
0.25
0.25
0.244444444444
0.244444444444
0.244444444444
0.247222222222
0.247222222222
0.241666666667
0.241666666667
0.244444444444
0.244444444444
0.244444444444
0.238888888889
0.238888888889
0.241666666667
0.241666666667
0.241666666667
0.236111111111
0.236111111111
0.238888888889
0.238888888889
0.238888888889
0.233333333333
0.236111111111
0.236111111111
0.236111111111
0.236111111111
0.230555555556
0.233333333333
0.233333333333
0.233333333333
0.236111111111
0.230555555556
0.230555555556
0.230555555556
0.230555555556
0.233333333333
