26.0111111111
26.5416666667
27.0833333333
27.6361111111
28.2
25.5666666667
26.0861111111
26.6194444444
27.1611111111
27.7166666667
25.1277777778
25.6416666667
26.1638888889
26.6972222222
27.2388888889
24.7
25.2027777778
25.7166666667
26.2388888889
26.7722222222
24.2805555556
24.7722222222
25.2777777778
25.7916666667
26.3138888889
23.8666666667
24.3527777778
24.8472222222
25.35
25.8666666667
23.4611111111
23.9388888889
24.425
24.9194444444
25.425
23.0638888889
23.5333333333
24.0083333333
24.4972222222
24.9916666667
22.675
23.1333333333
23.6027777778
24.0805555556
24.5694444444
22.2916666667
22.7444444444
23.2027777778
23.6722222222
24.1527777778
21.9166666667
22.3611111111
22.8138888889
23.2722222222
23.7444444444
21.55
21.9861111111
22.4277777778
22.8805555556
23.3444444444
21.1888888889
21.6166666667
22.0527777778
22.4972222222
22.95
20.8333333333
21.2527777778
21.6833333333
22.1194444444
22.5638888889
20.4861111111
20.9
21.3194444444
21.7472222222
22.1861111111
20.1444444444
20.55
20.9638888889
21.3833333333
21.8138888889
19.8111111111
20.2083333333
20.6138888889
21.0277777778
21.45
19.4805555556
19.8722222222
20.2694444444
20.6777777778
21.0916666667
19.1583333333
19.5416666667
19.9333333333
20.3333333333
20.7416666667
18.8416666667
19.2194444444
19.6027777778
19.9972222222
20.3972222222
18.5305555556
18.9027777778
19.2805555556
19.6666666667
20.0583333333
18.225
18.5888888889
18.9611111111
19.3416666667
19.7277777778
17.925
18.2833333333
18.65
19.0222222222
19.4
17.6333333333
17.9833333333
18.3416666667
18.7083333333
19.0805555556
17.3444444444
17.6888888889
18.0416666667
18.4
18.7666666667
17.0611111111
17.4
17.7472222222
18.1
18.4583333333
16.7805555556
17.1166666667
17.4555555556
17.8027777778
18.1555555556
16.5083333333
16.8361111111
17.1722222222
17.5111111111
17.8611111111
16.2388888889
16.5638888889
16.8916666667
17.2277777778
17.5694444444
15.9777777778
16.2944444444
16.6166666667
16.9472222222
17.2833333333
15.7194444444
16.0305555556
16.3472222222
16.6722222222
17.0
15.4638888889
15.7694444444
16.0833333333
16.4
16.725
15.2138888889
15.5166666667
15.8222222222
16.1361111111
16.4555555556
14.9694444444
15.2666666667
15.5666666667
15.875
16.1888888889
14.7305555556
15.0194444444
15.3166666667
15.6194444444
15.9277777778
14.4944444444
14.7805555556
15.0694444444
15.3666666667
15.6694444444
14.2611111111
14.5416666667
14.8277777778
15.1222222222
15.4194444444
14.0333333333
14.3111111111
14.5916666667
14.8777777778
15.1722222222
13.8111111111
14.0805555556
14.3583333333
14.6416666667
14.9277777778
13.5916666667
13.8583333333
14.1305555556
14.4083333333
14.6888888889
13.375
13.6361111111
13.9055555556
14.1777777778
14.4555555556
13.1638888889
13.4222222222
13.6833333333
13.9527777778
14.225
12.9555555556
13.2083333333
13.4666666667
13.7305555556
14.0
12.75
13.0
13.2527777778
13.5138888889
13.7777777778
12.55
12.7944444444
13.0444444444
13.3
13.5583333333
12.3527777778
12.5944444444
12.8388888889
13.0888888889
13.3444444444
12.1583333333
12.3944444444
12.6361111111
12.8833333333
13.1361111111
11.9666666667
12.2
12.4388888889
12.6805555556
12.9277777778
11.7805555556
12.0111111111
12.2444444444
12.4833333333
12.725
11.5972222222
11.8222222222
12.0527777778
12.2861111111
12.525
11.4166666667
11.6388888889
11.8638888889
12.0944444444
12.3305555556
11.2388888889
11.4555555556
11.6777777778
11.9055555556
12.1361111111
11.0638888889
11.2777777778
11.4972222222
11.7194444444
11.9472222222
10.8916666667
11.1027777778
11.3194444444
11.5388888889
11.7611111111
10.725
10.9333333333
11.1444444444
11.3583333333
11.5777777778
10.5583333333
10.7638888889
10.9722222222
11.1833333333
11.4
10.3972222222
10.5972222222
10.8027777778
11.0111111111
11.2222222222
10.2361111111
10.4333333333
10.6361111111
10.8416666667
11.05
10.0805555556
10.275
10.4722222222
10.675
10.8805555556
9.925
10.1166666667
10.3111111111
10.5083333333
10.7111111111
9.77222222222
9.96111111111
10.1527777778
10.3472222222
10.5472222222
9.625
9.80833333333
9.99722222222
10.1888888889
10.3861111111
9.47777777778
9.65833333333
9.84444444444
10.0333333333
10.2277777778
9.33333333333
9.51388888889
9.69444444444
9.88055555556
10.0694444444
9.19166666667
9.36944444444
9.54722222222
9.73055555556
9.91666666667
9.05277777778
9.225
9.40277777778
9.58333333333
9.76666666667
8.91666666667
9.08611111111
9.26111111111
9.43611111111
9.61666666667
8.78055555556
8.95
9.11944444444
9.29444444444
9.47222222222
8.65
8.81388888889
8.98333333333
9.15277777778
9.32777777778
8.51944444444
8.68055555556
8.84722222222
9.01666666667
9.18888888889
8.39166666667
8.55
8.71388888889
8.88055555556
9.05
8.26666666667
8.42222222222
8.58333333333
8.74722222222
8.91388888889
8.14166666667
8.29722222222
8.45555555556
8.61666666667
8.78055555556
8.01944444444
8.17222222222
8.32777777778
8.48611111111
8.64722222222
 7.9
8.05
8.20277777778
8.36111111111
8.51944444444
7.78333333333
7.93055555556
8.08055555556
8.23611111111
8.39166666667
7.66944444444
7.81388888889
7.96111111111
8.11111111111
8.26666666667
7.55555555556
7.69722222222
7.84444444444
7.99166666667
8.14444444444
7.44166666667
7.58333333333
7.72777777778
7.87222222222
8.02222222222
7.33333333333
7.47222222222
7.61388888889
7.75555555556
7.90277777778
7.225
7.36111111111
 7.5
7.64166666667
7.78611111111
7.11944444444
7.25277777778
7.38888888889
7.53055555556
7.67222222222
7.01388888889
7.14722222222
7.28055555556
7.41944444444
7.55833333333
6.91111111111
7.04166666667
7.175
7.30833333333
7.44722222222
6.81111111111
6.93888888889
7.06944444444
7.20277777778
7.33888888889
6.71111111111
6.83611111111
6.96666666667
7.09722222222
7.23055555556
6.61388888889
6.73888888889
6.86388888889
6.99166666667
7.125
6.51666666667
6.63888888889
6.76388888889
6.89166666667
7.01944444444
6.42222222222
6.54166666667
6.66666666667
6.79166666667
6.91666666667
6.33055555556
6.44722222222
6.56944444444
6.69166666667
6.81666666667
6.23888888889
6.35555555556
6.475
6.59444444444
6.71944444444
6.14722222222
6.26388888889
6.38055555556
 6.5
6.61944444444
6.05833333333
6.17222222222
6.28888888889
6.40555555556
6.525
5.97222222222
6.08333333333
6.19722222222
6.31388888889
6.43055555556
5.88611111111
5.99722222222
6.10833333333
6.22222222222
6.33888888889
5.80277777778
5.91111111111
6.01944444444
6.13333333333
6.24722222222
5.71944444444
5.825
5.93333333333
6.04444444444
6.15555555556
5.63888888889
5.74166666667
5.85
5.95833333333
6.06944444444
5.55833333333
5.66111111111
5.76666666667
5.87222222222
5.98055555556
5.47777777778
5.58055555556
5.68333333333
5.78888888889
5.89722222222
 5.4
 5.5
5.60277777778
5.70555555556
5.81111111111
5.325
5.42222222222
5.52222222222
5.625
5.73055555556
5.24722222222
5.34444444444
5.44444444444
5.54444444444
5.64722222222
5.175
5.26944444444
5.36666666667
5.46666666667
5.56666666667
5.10277777778
5.19444444444
5.29166666667
5.38888888889
5.48888888889
5.03055555556
5.12222222222
5.21666666667
5.31388888889
5.41111111111
4.95833333333
5.05
5.14444444444
5.23888888889
5.33611111111
4.88888888889
4.98055555556
5.07222222222
5.16388888889
5.25833333333
4.82222222222
4.90833333333
 5.0
5.09166666667
5.18611111111
4.75277777778
4.84166666667
4.93055555556
5.01944444444
5.11388888889
4.68611111111
4.77222222222
4.86111111111
4.95
5.04166666667
4.62222222222
4.70555555556
4.79444444444
4.88055555556
4.96944444444
4.55833333333
4.64166666667
4.72777777778
4.81388888889
 4.9
4.49444444444
4.57777777778
4.66111111111
4.74722222222
4.83333333333
4.43333333333
4.51388888889
4.59722222222
4.68055555556
4.76666666667
4.37222222222
4.45
4.53333333333
4.61388888889
 4.7
4.31111111111
4.38888888889
4.46944444444
4.55
4.63333333333
4.25277777778
4.32777777778
4.40833333333
4.48888888889
4.56944444444
4.19166666667
4.26944444444
4.34722222222
4.42777777778
4.50833333333
4.13611111111
4.21111111111
4.28611111111
4.36666666667
4.44444444444
4.07777777778
4.15277777778
4.22777777778
4.30555555556
4.38333333333
4.02222222222
4.09722222222
4.16944444444
4.24722222222
4.325
3.96666666667
4.03888888889
4.11388888889
4.18888888889
4.26388888889
3.91388888889
3.98611111111
4.05833333333
4.13055555556
4.20555555556
3.86111111111
3.93055555556
4.00277777778
4.075
4.14722222222
3.80833333333
3.87777777778
3.94722222222
4.01944444444
4.09166666667
3.75555555556
3.825
3.89444444444
3.96388888889
4.03611111111
3.70555555556
3.77222222222
3.84166666667
3.91111111111
3.98055555556
3.65555555556
3.72222222222
3.78888888889
3.85833333333
3.92777777778
3.60555555556
3.67222222222
3.73888888889
3.80555555556
3.875
3.55833333333
3.62222222222
3.68611111111
3.75277777778
3.82222222222
3.51111111111
3.57222222222
3.63888888889
3.70277777778
3.76944444444
3.46388888889
3.525
3.58888888889
3.65277777778
3.71944444444
3.41666666667
3.47777777778
3.54166666667
3.60555555556
3.66944444444
3.37222222222
3.43055555556
3.49444444444
3.55555555556
3.61944444444
3.325
3.38611111111
3.44722222222
3.50833333333
3.57222222222
3.28055555556
3.34166666667
 3.4
3.46111111111
3.525
3.23888888889
3.29722222222
3.35555555556
3.41666666667
3.47777777778
3.19444444444
3.25277777778
3.31111111111
3.36944444444
3.43055555556
3.15277777778
3.20833333333
3.26666666667
3.325
3.38333333333
3.11111111111
3.16666666667
3.22222222222
3.28055555556
3.33888888889
3.06944444444
3.125
3.18055555556
3.23888888889
3.29444444444
3.03055555556
3.08333333333
3.13888888889
3.19444444444
3.25277777778
2.98888888889
3.04444444444
3.09722222222
3.15277777778
3.20833333333
2.95
3.00277777778
3.05555555556
3.11111111111
3.16666666667
2.91111111111
2.96388888889
3.01666666667
3.06944444444
3.125
2.875
2.925
2.97777777778
3.03055555556
3.08333333333
2.83611111111
2.88611111111
2.93888888889
2.98888888889
3.04444444444
 2.8
2.85
 2.9
2.95
3.00277777778
2.76388888889
2.81111111111
2.86111111111
2.91111111111
2.96388888889
2.72777777778
2.775
2.825
2.875
2.925
2.69166666667
2.73888888889
2.78888888889
2.83611111111
2.88611111111
2.65555555556
2.70277777778
2.75277777778
 2.8
2.85
2.62222222222
2.66944444444
2.71666666667
2.76388888889
2.81388888889
2.58888888889
2.63333333333
2.68055555556
2.72777777778
2.775
2.55555555556
 2.6
2.64722222222
2.69166666667
2.73888888889
2.52222222222
2.56666666667
2.61111111111
2.65833333333
2.70555555556
2.48888888889
2.53333333333
2.57777777778
2.625
2.66944444444
2.45833333333
 2.5
2.54444444444
2.58888888889
2.63611111111
2.42777777778
2.46944444444
2.51111111111
2.55555555556
2.60277777778
2.39444444444
2.43888888889
2.48055555556
2.525
2.56944444444
2.36388888889
2.40555555556
2.45
2.49166666667
2.53611111111
2.33611111111
2.375
2.41666666667
2.46111111111
2.50277777778
2.30555555556
2.34444444444
2.38611111111
2.42777777778
2.47222222222
2.275
2.31666666667
2.35555555556
2.39722222222
2.43888888889
2.24722222222
2.28611111111
2.325
2.36666666667
2.40833333333
2.21944444444
2.25833333333
2.29722222222
2.33611111111
2.37777777778
2.19166666667
2.22777777778
2.26666666667
2.30833333333
2.34722222222
2.16388888889
 2.2
2.23888888889
2.27777777778
2.31666666667
2.13611111111
2.17222222222
2.21111111111
2.25
2.28888888889
2.10833333333
2.14444444444
2.18333333333
2.22222222222
2.26111111111
2.08333333333
2.11944444444
2.15555555556
2.19444444444
2.23055555556
2.05555555556
2.09166666667
2.12777777778
2.16666666667
2.20277777778
2.03055555556
2.06666666667
2.10277777778
2.13888888889
2.175
2.00555555556
2.04166666667
2.075
2.11111111111
2.14722222222
1.98055555556
2.01388888889
2.05
2.08611111111
2.12222222222
1.95555555556
1.98888888889
2.025
2.05833333333
2.09444444444
1.93055555556
1.96388888889
 2.0
2.03333333333
2.06944444444
1.90833333333
1.94166666667
1.975
2.00833333333
2.04444444444
1.88333333333
1.91666666667
1.95
1.98333333333
2.01666666667
1.86111111111
1.89166666667
1.925
1.95833333333
1.99166666667
1.83888888889
1.86944444444
1.90277777778
1.93333333333
1.96666666667
1.81666666667
1.84722222222
1.87777777778
1.91111111111
1.94444444444
1.79166666667
1.825
1.85555555556
1.88611111111
1.91944444444
1.77222222222
1.80277777778
1.83333333333
1.86388888889
1.89722222222
1.75
1.78055555556
1.81111111111
1.84166666667
1.87222222222
1.72777777778
1.75833333333
1.78888888889
1.81944444444
1.85
1.70555555556
1.73611111111
1.76666666667
1.79722222222
1.82777777778
1.68611111111
1.71388888889
1.74444444444
1.775
1.80555555556
1.66666666667
1.69444444444
1.72222222222
1.75277777778
1.78333333333
1.64444444444
1.67222222222
1.70277777778
1.73055555556
1.76111111111
1.625
1.65277777778
1.68055555556
1.71111111111
1.73888888889
1.60555555556
1.63333333333
1.66111111111
1.68888888889
1.71944444444
1.58611111111
1.61388888889
1.64166666667
1.66944444444
1.69722222222
1.56666666667
1.59444444444
1.62222222222
1.65
1.67777777778
1.54722222222
1.575
1.60277777778
1.62777777778
1.65555555556
1.53055555556
1.55555555556
1.58333333333
1.60833333333
1.63611111111
1.51111111111
1.53611111111
1.56388888889
1.58888888889
1.61666666667
1.49444444444
1.51944444444
1.54444444444
1.56944444444
1.59722222222
1.475
 1.5
1.525
1.55277777778
1.57777777778
