1.58611111111
1.58611111111
1.58611111111
1.58333333333
1.58333333333
1.56388888889
1.56388888889
1.56111111111
1.56111111111
1.56111111111
1.54166666667
1.54166666667
1.53888888889
1.53888888889
1.53888888889
1.51944444444
1.51944444444
1.51666666667
1.51666666667
1.51666666667
1.49722222222
1.49722222222
1.49722222222
1.49444444444
1.49444444444
1.475
1.475
1.475
1.475
1.475
1.45555555556
1.45555555556
1.45277777778
1.45277777778
1.45277777778
1.43333333333
1.43333333333
1.43333333333
1.43333333333
1.43333333333
1.41388888889
1.41388888889
1.41388888889
1.41388888889
1.41111111111
1.39444444444
1.39444444444
1.39444444444
1.39166666667
1.39166666667
1.375
1.375
1.37222222222
1.37222222222
1.37222222222
1.35555555556
1.35555555556
1.35277777778
1.35277777778
1.35277777778
1.33611111111
1.33611111111
1.33611111111
1.33333333333
1.33333333333
1.31666666667
1.31666666667
1.31666666667
1.31666666667
1.31666666667
 1.3
1.29722222222
1.29722222222
1.29722222222
1.29722222222
1.28055555556
1.28055555556
1.28055555556
1.28055555556
1.27777777778
1.26388888889
1.26111111111
1.26111111111
1.26111111111
1.26111111111
1.24444444444
1.24444444444
1.24444444444
1.24444444444
1.24444444444
1.22777777778
1.22777777778
1.22777777778
1.22777777778
1.225
1.21111111111
1.21111111111
1.21111111111
1.20833333333
1.20833333333
1.19444444444
1.19444444444
1.19444444444
1.19166666667
1.19166666667
1.17777777778
1.17777777778
1.17777777778
1.17777777778
1.175
1.16111111111
1.16111111111
1.16111111111
1.16111111111
1.16111111111
1.14444444444
1.14444444444
1.14444444444
1.14444444444
1.14444444444
1.13055555556
1.13055555556
1.12777777778
1.12777777778
1.12777777778
1.11388888889
1.11388888889
1.11388888889
1.11388888889
1.11388888889
 1.1
 1.1
1.09722222222
1.09722222222
1.09722222222
1.08333333333
1.08333333333
1.08333333333
1.08333333333
1.08333333333
1.06944444444
1.06944444444
1.06944444444
1.06944444444
1.06666666667
1.05555555556
1.05555555556
1.05277777778
1.05277777778
1.05277777778
1.04166666667
1.03888888889
1.03888888889
1.03888888889
1.03888888889
1.02777777778
1.025
1.025
1.025
1.025
1.01388888889
1.01111111111
1.01111111111
1.01111111111
1.01111111111
 1.0
0.997222222222
0.997222222222
0.997222222222
0.997222222222
0.986111111111
0.986111111111
0.986111111111
0.983333333333
0.983333333333
0.972222222222
0.972222222222
0.972222222222
0.972222222222
0.972222222222
0.958333333333
0.958333333333
0.958333333333
0.958333333333
0.958333333333
0.947222222222
0.947222222222
0.944444444444
0.944444444444
0.944444444444
0.933333333333
0.933333333333
0.933333333333
0.933333333333
0.933333333333
0.922222222222
0.922222222222
0.919444444444
0.919444444444
0.919444444444
0.908333333333
0.908333333333
0.908333333333
0.908333333333
0.908333333333
0.897222222222
0.897222222222
0.897222222222
0.897222222222
0.894444444444
0.886111111111
0.886111111111
0.883333333333
0.883333333333
0.883333333333
0.872222222222
0.872222222222
0.872222222222
0.872222222222
0.872222222222
0.861111111111
0.861111111111
0.861111111111
0.861111111111
0.861111111111
0.85
0.85
0.85
0.85
0.85
0.838888888889
0.838888888889
0.838888888889
0.838888888889
0.838888888889
0.827777777778
0.827777777778
0.827777777778
0.827777777778
0.827777777778
0.816666666667
0.816666666667
0.816666666667
0.816666666667
0.816666666667
0.805555555556
0.805555555556
0.805555555556
0.805555555556
0.805555555556
0.797222222222
0.797222222222
0.794444444444
0.794444444444
0.794444444444
0.786111111111
0.786111111111
0.786111111111
0.786111111111
0.786111111111
0.775
0.775
0.775
0.775
0.775
0.766666666667
0.766666666667
0.763888888889
0.763888888889
0.763888888889
0.755555555556
0.755555555556
0.755555555556
0.755555555556
0.755555555556
0.747222222222
0.744444444444
0.744444444444
0.744444444444
0.744444444444
0.736111111111
0.736111111111
0.736111111111
0.736111111111
0.736111111111
0.727777777778
0.727777777778
0.725
0.725
0.725
0.716666666667
0.716666666667
0.716666666667
0.716666666667
0.716666666667
0.708333333333
0.708333333333
0.708333333333
0.708333333333
0.708333333333
 0.7
 0.7
 0.7
0.697222222222
0.697222222222
0.688888888889
0.688888888889
0.688888888889
0.688888888889
0.688888888889
0.680555555556
0.680555555556
0.680555555556
0.680555555556
0.680555555556
0.672222222222
0.672222222222
0.672222222222
0.672222222222
0.672222222222
0.663888888889
0.663888888889
0.663888888889
0.663888888889
0.663888888889
0.655555555556
0.655555555556
0.655555555556
0.655555555556
0.655555555556
0.647222222222
0.647222222222
0.647222222222
0.647222222222
0.647222222222
0.638888888889
0.638888888889
0.638888888889
0.638888888889
0.638888888889
0.630555555556
0.630555555556
0.630555555556
0.630555555556
0.630555555556
0.622222222222
0.622222222222
0.622222222222
0.622222222222
0.622222222222
0.616666666667
0.613888888889
0.613888888889
0.613888888889
0.613888888889
0.608333333333
0.608333333333
0.608333333333
0.608333333333
0.605555555556
 0.6
 0.6
 0.6
 0.6
 0.6
0.591666666667
0.591666666667
0.591666666667
0.591666666667
0.591666666667
0.586111111111
0.586111111111
0.586111111111
0.583333333333
0.583333333333
0.577777777778
0.577777777778
0.577777777778
0.577777777778
0.577777777778
0.569444444444
0.569444444444
0.569444444444
0.569444444444
0.569444444444
0.563888888889
0.563888888889
0.563888888889
0.563888888889
0.563888888889
0.555555555556
0.555555555556
0.555555555556
0.555555555556
0.555555555556
0.55
0.55
0.55
0.55
0.55
0.544444444444
0.541666666667
0.541666666667
0.541666666667
0.541666666667
0.536111111111
0.536111111111
0.536111111111
0.536111111111
0.536111111111
0.530555555556
0.530555555556
0.530555555556
0.530555555556
0.527777777778
0.522222222222
0.522222222222
0.522222222222
0.522222222222
0.522222222222
0.516666666667
0.516666666667
0.516666666667
0.516666666667
0.516666666667
0.511111111111
0.511111111111
0.511111111111
0.511111111111
0.511111111111
0.505555555556
0.505555555556
0.502777777778
0.502777777778
0.502777777778
0.497222222222
0.497222222222
0.497222222222
0.497222222222
0.497222222222
0.491666666667
0.491666666667
0.491666666667
0.491666666667
0.491666666667
0.486111111111
0.486111111111
0.486111111111
0.486111111111
0.486111111111
0.480555555556
0.480555555556
0.480555555556
0.480555555556
0.480555555556
0.475
0.475
0.475
0.475
0.475
0.469444444444
0.469444444444
0.469444444444
0.469444444444
0.469444444444
0.463888888889
0.463888888889
0.463888888889
0.463888888889
0.463888888889
0.458333333333
0.458333333333
0.458333333333
0.458333333333
0.458333333333
0.452777777778
0.452777777778
0.452777777778
0.452777777778
0.452777777778
0.447222222222
0.447222222222
0.447222222222
0.447222222222
0.447222222222
0.441666666667
0.441666666667
0.441666666667
0.441666666667
0.441666666667
0.436111111111
0.436111111111
0.436111111111
0.436111111111
0.436111111111
0.430555555556
0.430555555556
0.430555555556
0.430555555556
0.430555555556
0.425
0.425
0.425
0.425
0.425
0.419444444444
0.419444444444
0.419444444444
0.419444444444
0.419444444444
0.416666666667
0.416666666667
0.416666666667
0.416666666667
0.413888888889
0.411111111111
0.411111111111
0.411111111111
0.411111111111
0.411111111111
0.405555555556
0.405555555556
0.405555555556
0.405555555556
0.405555555556
 0.4
 0.4
 0.4
 0.4
 0.4
0.397222222222
0.397222222222
0.397222222222
0.397222222222
0.397222222222
0.391666666667
0.391666666667
0.391666666667
0.391666666667
0.391666666667
0.386111111111
0.386111111111
0.386111111111
0.386111111111
0.386111111111
0.383333333333
0.383333333333
0.383333333333
0.383333333333
0.383333333333
0.377777777778
0.377777777778
0.377777777778
0.377777777778
0.377777777778
0.375
0.375
0.375
0.372222222222
0.372222222222
0.369444444444
0.369444444444
0.369444444444
0.369444444444
0.369444444444
0.363888888889
0.363888888889
0.363888888889
0.363888888889
0.363888888889
0.361111111111
0.361111111111
0.361111111111
0.361111111111
0.361111111111
0.355555555556
0.355555555556
0.355555555556
0.355555555556
0.355555555556
0.352777777778
0.352777777778
0.352777777778
0.352777777778
0.352777777778
0.35
0.347222222222
0.347222222222
0.347222222222
0.347222222222
0.344444444444
0.344444444444
0.344444444444
0.344444444444
0.344444444444
0.341666666667
0.341666666667
0.341666666667
0.341666666667
0.341666666667
0.336111111111
0.336111111111
0.336111111111
0.336111111111
0.336111111111
0.333333333333
0.333333333333
0.333333333333
0.333333333333
0.333333333333
0.330555555556
0.327777777778
0.327777777778
0.327777777778
0.327777777778
0.325
0.325
0.325
0.325
0.325
0.322222222222
0.322222222222
0.322222222222
0.322222222222
0.322222222222
0.319444444444
0.316666666667
0.316666666667
0.316666666667
0.316666666667
0.313888888889
0.313888888889
0.313888888889
0.313888888889
0.313888888889
0.311111111111
0.311111111111
0.311111111111
0.311111111111
0.311111111111
0.308333333333
0.308333333333
0.308333333333
0.308333333333
0.308333333333
0.302777777778
0.302777777778
0.302777777778
0.302777777778
0.302777777778
 0.3
 0.3
 0.3
 0.3
 0.3
0.297222222222
0.297222222222
0.297222222222
0.297222222222
0.297222222222
0.294444444444
0.294444444444
0.294444444444
0.294444444444
0.294444444444
0.291666666667
0.291666666667
0.291666666667
0.291666666667
0.288888888889
0.286111111111
0.286111111111
0.286111111111
0.286111111111
0.286111111111
0.283333333333
0.283333333333
0.283333333333
0.283333333333
0.283333333333
0.280555555556
0.280555555556
0.280555555556
0.280555555556
0.280555555556
0.277777777778
0.277777777778
0.277777777778
0.277777777778
0.277777777778
0.275
0.275
0.275
0.275
0.275
0.272222222222
0.272222222222
0.272222222222
0.272222222222
0.272222222222
0.269444444444
0.269444444444
0.269444444444
0.269444444444
0.269444444444
0.266666666667
0.266666666667
0.266666666667
0.266666666667
0.266666666667
0.263888888889
0.263888888889
0.263888888889
0.263888888889
0.263888888889
0.261111111111
0.261111111111
0.261111111111
0.258333333333
0.258333333333
0.258333333333
0.258333333333
0.258333333333
0.255555555556
0.255555555556
0.255555555556
0.255555555556
0.252777777778
0.252777777778
0.252777777778
0.252777777778
0.252777777778
0.25
0.25
0.25
0.25
0.25
0.25
0.247222222222
0.247222222222
0.247222222222
0.247222222222
0.247222222222
0.247222222222
0.244444444444
0.244444444444
0.244444444444
0.244444444444
0.244444444444
0.244444444444
0.241666666667
0.241666666667
0.241666666667
0.241666666667
0.241666666667
0.238888888889
0.238888888889
0.238888888889
0.238888888889
0.238888888889
0.236111111111
0.236111111111
0.236111111111
0.236111111111
0.236111111111
0.233333333333
0.233333333333
0.233333333333
0.233333333333
0.233333333333
0.230555555556
0.230555555556
0.230555555556
0.230555555556
0.230555555556
0.227777777778
0.227777777778
0.227777777778
0.227777777778
0.227777777778
0.225
0.225
0.225
0.225
0.225
0.222222222222
0.222222222222
0.222222222222
0.222222222222
0.222222222222
0.219444444444
0.219444444444
0.219444444444
0.219444444444
0.219444444444
0.219444444444
0.219444444444
0.219444444444
0.219444444444
0.219444444444
0.216666666667
0.216666666667
0.216666666667
0.216666666667
0.216666666667
0.213888888889
0.213888888889
0.213888888889
0.213888888889
0.213888888889
0.211111111111
0.211111111111
0.211111111111
0.211111111111
0.211111111111
0.208333333333
0.208333333333
0.208333333333
0.208333333333
0.208333333333
0.208333333333
0.208333333333
0.208333333333
0.205555555556
0.205555555556
0.205555555556
0.205555555556
0.205555555556
0.205555555556
0.205555555556
0.202777777778
0.202777777778
0.202777777778
0.202777777778
0.202777777778
 0.2
 0.2
 0.2
 0.2
 0.2
0.197222222222
0.197222222222
0.197222222222
0.197222222222
0.197222222222
0.197222222222
0.197222222222
0.197222222222
0.197222222222
0.197222222222
0.194444444444
0.194444444444
0.194444444444
0.194444444444
0.194444444444
0.191666666667
0.191666666667
0.191666666667
0.191666666667
0.191666666667
0.191666666667
0.191666666667
0.188888888889
0.188888888889
0.188888888889
0.188888888889
0.188888888889
0.188888888889
0.188888888889
0.188888888889
0.186111111111
0.186111111111
0.186111111111
0.186111111111
0.186111111111
0.183333333333
0.183333333333
0.183333333333
0.183333333333
0.183333333333
0.183333333333
0.183333333333
0.183333333333
0.183333333333
0.183333333333
0.180555555556
0.180555555556
0.180555555556
0.180555555556
0.180555555556
0.177777777778
0.177777777778
0.177777777778
0.177777777778
0.177777777778
0.177777777778
0.177777777778
0.177777777778
0.177777777778
0.177777777778
0.175
0.175
0.175
0.175
0.175
0.172222222222
0.172222222222
0.172222222222
0.172222222222
0.172222222222
0.172222222222
0.172222222222
0.172222222222
0.172222222222
0.172222222222
0.169444444444
0.169444444444
0.169444444444
0.169444444444
0.169444444444
0.169444444444
0.169444444444
0.166666666667
0.166666666667
0.166666666667
0.166666666667
0.166666666667
0.166666666667
0.166666666667
0.166666666667
0.163888888889
0.163888888889
0.163888888889
0.163888888889
0.163888888889
0.163888888889
0.163888888889
0.163888888889
0.163888888889
0.163888888889
0.161111111111
0.161111111111
0.161111111111
0.161111111111
0.161111111111
0.161111111111
0.158333333333
0.158333333333
0.158333333333
0.158333333333
0.158333333333
0.158333333333
0.158333333333
0.158333333333
0.158333333333
0.155555555556
0.155555555556
0.155555555556
0.155555555556
0.155555555556
0.155555555556
0.155555555556
0.155555555556
0.155555555556
0.155555555556
0.152777777778
0.152777777778
0.152777777778
0.152777777778
0.152777777778
0.152777777778
0.152777777778
0.152777777778
0.152777777778
0.152777777778
0.15
0.15
0.15
0.15
0.15
0.15
0.15
0.15
0.15
0.15
0.147222222222
0.147222222222
0.147222222222
0.147222222222
0.147222222222
0.147222222222
0.147222222222
0.144444444444
0.144444444444
0.144444444444
0.144444444444
0.144444444444
0.144444444444
0.144444444444
0.144444444444
