21.5861111111
21.9944444444
22.4138888889
22.8388888889
23.275
21.2194444444
21.6222222222
22.0333333333
22.4527777778
22.8777777778
20.8611111111
21.2555555556
21.6611111111
22.0694444444
22.4888888889
20.5083333333
20.8972222222
21.2944444444
21.6972222222
22.1083333333
20.1638888889
20.5444444444
20.9333333333
21.3305555556
21.7333333333
19.825
20.2
20.5805555556
20.9694444444
21.3666666667
19.4916666667
19.8611111111
20.2361111111
20.6166666667
21.0083333333
19.1638888889
19.5277777778
19.8944444444
20.2722222222
20.6527777778
18.8444444444
19.2
19.5611111111
19.9305555556
20.3083333333
18.5305555556
18.8805555556
19.2361111111
19.5972222222
19.9666666667
18.2222222222
18.5638888889
18.9138888889
19.2694444444
19.6333333333
17.9194444444
18.2555555556
18.6
18.95
19.3055555556
17.6222222222
17.9527777778
18.2916666667
18.6333333333
18.9833333333
17.3305555556
17.6555555556
17.9861111111
18.325
18.6694444444
17.0444444444
17.3638888889
17.6888888889
18.0222222222
18.3583333333
16.7638888889
17.0777777778
17.3972222222
17.7222222222
18.0555555556
16.4888888889
16.7972222222
17.1111111111
17.4305555556
17.7555555556
16.2166666667
16.5194444444
16.8277777778
17.1444444444
17.4638888889
15.95
16.25
16.5527777778
16.8611111111
17.175
15.6888888889
15.9833333333
16.2805555556
16.5833333333
16.8944444444
15.4333333333
15.7222222222
16.0138888889
16.3138888889
16.6166666667
15.1833333333
15.4638888889
15.7527777778
16.0472222222
16.3444444444
14.9361111111
15.2138888889
15.4972222222
15.7833333333
16.0777777778
14.6944444444
14.9666666667
15.2444444444
15.5277777778
15.8166666667
14.4555555556
14.7222222222
14.9972222222
15.275
15.5583333333
14.2222222222
14.4861111111
14.7527777778
15.0277777778
15.3055555556
13.9916666667
14.25
14.5166666667
14.7833333333
15.0583333333
13.7666666667
14.0222222222
14.2805555556
14.5444444444
14.8138888889
13.5444444444
13.7972222222
14.05
14.3111111111
14.575
13.3277777778
13.575
13.825
14.0805555556
14.3416666667
13.1138888889
13.3555555556
13.6027777778
13.8555555556
14.1111111111
12.9055555556
13.1444444444
13.3861111111
13.6333333333
13.8833333333
12.7
12.9333333333
13.1722222222
13.4138888889
13.6611111111
12.4972222222
12.7277777778
12.9611111111
13.2
13.4416666667
12.3
12.525
12.7555555556
12.9888888889
13.2277777778
12.1027777778
12.325
12.5527777778
12.7833333333
13.0166666667
11.9111111111
12.1305555556
12.3527777778
12.5805555556
12.8111111111
11.725
11.9388888889
12.1583333333
12.3805555556
12.6083333333
11.5388888889
11.75
11.9666666667
12.1833333333
12.4083333333
11.3583333333
11.5638888889
11.7777777778
11.9916666667
12.2111111111
11.1777777778
11.3833333333
11.5916666667
11.8027777778
12.0194444444
11.0027777778
11.2055555556
11.4083333333
11.6166666667
11.8305555556
10.8305555556
11.0305555556
11.2305555556
11.4361111111
11.6444444444
10.6638888889
10.8555555556
11.0555555556
11.2555555556
11.4611111111
10.4972222222
10.6861111111
10.8833333333
11.0805555556
11.2805555556
10.3333333333
10.5222222222
10.7111111111
10.9083333333
11.1055555556
10.1722222222
10.3583333333
10.5444444444
10.7361111111
10.9333333333
10.0138888889
10.1972222222
10.3805555556
10.5694444444
10.7611111111
9.86111111111
10.0388888889
10.2222222222
10.4055555556
10.5944444444
9.70833333333
9.88333333333
10.0638888889
10.2444444444
10.4305555556
9.55833333333
9.73055555556
9.90833333333
10.0861111111
10.2694444444
9.41111111111
9.58055555556
9.75555555556
9.93055555556
10.1111111111
9.26666666667
9.43333333333
9.60555555556
9.77777777778
9.95555555556
9.125
9.28888888889
9.45833333333
9.62777777778
 9.8
8.98611111111
9.14722222222
9.31111111111
9.48055555556
9.65
8.84722222222
9.00833333333
9.16944444444
9.33333333333
9.50277777778
8.71388888889
8.86944444444
9.03055555556
9.19166666667
9.35833333333
8.58055555556
8.73611111111
8.89166666667
9.05277777778
9.21388888889
8.45
8.60277777778
8.75555555556
8.91388888889
9.075
8.32222222222
8.47222222222
8.625
8.77777777778
8.93611111111
8.19722222222
8.34444444444
8.49166666667
8.64444444444
 8.8
8.07222222222
8.21666666667
8.36388888889
8.51388888889
8.66666666667
7.95
8.09444444444
8.23888888889
8.38611111111
8.53611111111
7.83055555556
7.97222222222
8.11388888889
8.25833333333
8.40555555556
7.71388888889
7.85277777778
7.99166666667
8.13333333333
8.28055555556
7.59722222222
7.73333333333
7.87222222222
8.01111111111
8.15555555556
7.48611111111
7.61944444444
7.75277777778
7.89166666667
8.03333333333
7.37222222222
7.50555555556
7.63888888889
7.775
7.91111111111
7.26388888889
7.39166666667
7.525
7.65833333333
7.79444444444
7.15555555556
7.28333333333
7.41111111111
7.54444444444
7.67777777778
7.05
7.175
7.30277777778
7.43055555556
7.56388888889
6.94444444444
7.06666666667
7.19444444444
7.31944444444
7.45
6.84166666667
6.96388888889
7.08611111111
7.21111111111
7.33888888889
6.74166666667
6.86111111111
6.98055555556
7.10555555556
7.23055555556
6.64166666667
6.75833333333
6.87777777778
 7.0
7.125
6.54444444444
6.65833333333
6.77777777778
6.89722222222
7.01944444444
6.44722222222
6.56111111111
6.67777777778
6.79444444444
6.91666666667
6.35277777778
6.46666666667
6.58055555556
6.69444444444
6.81388888889
6.26111111111
6.37222222222
6.48333333333
6.59722222222
6.71388888889
6.16944444444
6.27777777778
6.38888888889
 6.5
6.61388888889
6.08055555556
6.18611111111
6.29444444444
6.40555555556
6.51944444444
5.99166666667
6.09722222222
6.20277777778
6.31111111111
6.42222222222
5.90277777778
6.00833333333
6.11388888889
6.21944444444
6.33055555556
5.81944444444
5.91944444444
6.025
6.13055555556
6.23611111111
5.73333333333
5.83333333333
5.93611111111
6.04166666667
6.14722222222
5.65
5.75
5.85
5.95277777778
6.05833333333
5.56944444444
5.66666666667
5.76666666667
5.86666666667
5.96944444444
5.48888888889
5.58611111111
5.68333333333
5.78333333333
5.88333333333
5.41111111111
5.50555555556
5.60277777778
 5.7
 5.8
5.33333333333
5.42777777778
5.52222222222
5.61666666667
5.71666666667
5.25833333333
5.35
5.44166666667
5.53611111111
5.63333333333
5.18333333333
5.27222222222
5.36388888889
5.45833333333
5.55277777778
5.10833333333
5.19722222222
5.28611111111
5.38055555556
5.47222222222
5.03611111111
5.12222222222
5.21111111111
5.30277777778
5.39444444444
4.96388888889
5.05
5.13888888889
5.22777777778
5.31666666667
4.89444444444
4.97777777778
5.06388888889
5.15277777778
5.24166666667
4.825
4.90833333333
4.99166666667
5.08055555556
5.16666666667
4.75555555556
4.83888888889
4.92222222222
5.00833333333
5.09444444444
4.68888888889
4.76944444444
4.85277777778
4.93611111111
5.02222222222
4.62222222222
4.70277777778
4.78333333333
4.86666666667
4.95
4.55833333333
4.63611111111
4.71666666667
4.79722222222
4.88055555556
4.49444444444
4.57222222222
4.65
4.73055555556
4.81388888889
4.43055555556
4.50833333333
4.58611111111
4.66388888889
4.74444444444
4.36944444444
4.44444444444
4.52222222222
 4.6
4.67777777778
4.30833333333
4.38333333333
4.45833333333
4.53611111111
4.61388888889
4.24722222222
4.32222222222
4.39722222222
4.47222222222
4.54722222222
4.18888888889
4.26111111111
4.33333333333
4.40833333333
4.48611111111
4.13055555556
4.20277777778
4.275
4.34722222222
4.42222222222
4.075
4.14444444444
4.21388888889
4.28611111111
4.36111111111
4.01666666667
4.08611111111
4.15555555556
4.22777777778
 4.3
3.96111111111
4.03055555556
 4.1
4.16944444444
4.24166666667
3.90833333333
3.975
4.04166666667
4.11111111111
4.18333333333
3.85555555556
3.91944444444
3.98611111111
4.05555555556
4.125
 3.8
3.86666666667
3.93333333333
 4.0
4.06666666667
3.75
3.81388888889
3.87777777778
3.94444444444
4.01111111111
3.69722222222
3.76111111111
3.825
3.88888888889
3.95555555556
3.64722222222
3.70833333333
3.77222222222
3.83611111111
3.90277777778
3.59722222222
3.65833333333
3.72222222222
3.78333333333
3.85
3.55
3.60833333333
3.66944444444
3.73333333333
3.79722222222
 3.5
3.56111111111
3.61944444444
3.68055555556
3.74444444444
3.45277777778
3.51111111111
3.57222222222
3.63055555556
3.69444444444
3.40555555556
3.46388888889
3.52222222222
3.58333333333
3.64444444444
3.36111111111
3.41666666667
3.475
3.53333333333
3.59444444444
3.31388888889
3.37222222222
3.42777777778
3.48611111111
3.54444444444
3.26944444444
3.325
3.38333333333
3.43888888889
3.49722222222
3.22777777778
3.28055555556
3.33611111111
3.39166666667
3.45
3.18333333333
3.23611111111
3.29166666667
3.34722222222
3.40277777778
3.14166666667
3.19444444444
3.24722222222
3.30277777778
3.35833333333
 3.1
3.15
3.20277777778
3.25833333333
3.31388888889
3.05833333333
3.10833333333
3.16111111111
3.21388888889
3.26944444444
3.01666666667
3.06666666667
3.11944444444
3.17222222222
3.225
2.97777777778
3.02777777778
3.07777777778
3.12777777778
3.18055555556
2.93611111111
2.98611111111
3.03611111111
3.08611111111
3.13888888889
2.89722222222
2.94722222222
2.99722222222
3.04722222222
3.09722222222
2.86111111111
2.90833333333
2.95555555556
3.00555555556
3.05555555556
2.82222222222
2.86944444444
2.91666666667
2.96666666667
3.01666666667
2.78611111111
2.83055555556
2.87777777778
2.92777777778
2.975
2.74722222222
2.79444444444
2.84166666667
2.88888888889
2.93611111111
2.71111111111
2.75833333333
2.80277777778
2.85
2.89722222222
2.67777777778
2.72222222222
2.76666666667
2.81388888889
2.86111111111
2.64166666667
2.68611111111
2.73055555556
2.775
2.82222222222
2.60833333333
2.65
2.69444444444
2.73888888889
2.78611111111
2.57222222222
2.61666666667
2.65833333333
2.70277777778
2.75
2.53888888889
2.58333333333
2.625
2.66944444444
2.71388888889
2.50555555556
2.54722222222
2.59166666667
2.63333333333
2.67777777778
2.475
2.51666666667
2.55833333333
 2.6
2.64166666667
2.44166666667
2.48333333333
2.525
2.56666666667
2.60833333333
2.41111111111
2.45
2.49166666667
2.53333333333
2.575
2.38055555556
2.41944444444
2.45833333333
 2.5
2.54166666667
2.35
2.38888888889
2.42777777778
2.46666666667
2.50833333333
2.31944444444
2.35833333333
2.39722222222
2.43611111111
2.475
2.28888888889
2.32777777778
2.36388888889
2.40277777778
2.44444444444
2.25833333333
2.29722222222
2.33611111111
2.37222222222
2.41111111111
2.23055555556
2.26666666667
2.30555555556
2.34166666667
2.38055555556
2.20277777778
2.23888888889
2.275
2.31388888889
2.35
2.175
2.21111111111
2.24722222222
2.28333333333
2.31944444444
2.14722222222
2.18055555556
2.21666666667
2.25277777778
2.29166666667
2.11944444444
2.15277777778
2.18888888889
2.225
2.26111111111
2.09166666667
2.12777777778
2.16111111111
2.19722222222
2.23333333333
2.06666666667
 2.1
2.13333333333
2.16944444444
2.20555555556
2.03888888889
2.07222222222
2.10833333333
2.14166666667
2.17777777778
2.01388888889
2.04722222222
2.08055555556
2.11388888889
2.15
1.98888888889
2.02222222222
2.05555555556
2.08888888889
2.12222222222
1.96388888889
1.99444444444
2.02777777778
2.06111111111
2.09444444444
1.93888888889
1.96944444444
2.00277777778
2.03611111111
2.06944444444
1.91388888889
1.94722222222
1.97777777778
2.01111111111
2.04166666667
1.89166666667
1.92222222222
1.95277777778
1.98333333333
2.01666666667
1.86666666667
1.89722222222
1.92777777778
1.96111111111
1.99166666667
1.84444444444
1.875
1.90555555556
1.93611111111
1.96666666667
1.82222222222
1.85
1.88055555556
1.91111111111
1.94166666667
1.79722222222
1.82777777778
1.85833333333
1.88611111111
1.91666666667
1.775
1.80555555556
1.83333333333
1.86388888889
1.89444444444
1.75277777778
1.78333333333
1.81111111111
1.84166666667
1.86944444444
1.73333333333
1.76111111111
1.78888888889
1.81666666667
1.84722222222
1.71111111111
1.73888888889
1.76666666667
1.79444444444
1.825
1.68888888889
1.71666666667
1.74444444444
1.77222222222
1.80277777778
1.66944444444
1.69722222222
1.72222222222
1.75
1.78055555556
1.65
1.675
1.70277777778
1.73055555556
1.75833333333
1.62777777778
1.65555555556
1.68055555556
1.70833333333
1.73611111111
1.60833333333
1.63333333333
1.66111111111
1.68888888889
1.71388888889
1.58888888889
1.61388888889
1.64166666667
1.66666666667
1.69444444444
1.56944444444
1.59444444444
1.61944444444
1.64722222222
1.67222222222
1.55
1.575
 1.6
1.62777777778
1.65277777778
1.53055555556
1.55555555556
1.58055555556
1.60555555556
1.63333333333
1.51388888889
1.53611111111
1.56111111111
1.58611111111
1.61111111111
1.49444444444
1.51944444444
1.54166666667
1.56666666667
1.59166666667
1.47777777778
 1.5
1.525
1.55
1.57222222222
1.45833333333
1.48333333333
1.50555555556
1.53055555556
1.55555555556
1.44166666667
1.46388888889
1.48888888889
1.51111111111
1.53611111111
1.425
1.44722222222
1.46944444444
1.49444444444
1.51666666667
1.40555555556
1.43055555556
1.45277777778
1.475
 1.5
1.38888888889
1.41111111111
1.43333333333
1.45833333333
1.48055555556
1.37222222222
1.39444444444
1.41666666667
1.43888888889
1.46388888889
1.35833333333
1.37777777778
 1.4
1.42222222222
1.44444444444
1.34166666667
1.36111111111
1.38333333333
1.40555555556
1.42777777778
1.325
1.34722222222
1.36666666667
1.38888888889
1.41111111111
1.30833333333
1.33055555556
1.35
1.37222222222
1.39444444444
1.29444444444
1.31388888889
1.33611111111
1.35555555556
1.37777777778
1.27777777778
1.29722222222
1.31944444444
1.33888888889
1.36111111111
1.26388888889
1.28333333333
1.30277777778
1.325
1.34444444444
